 0.0 519.46024174
 -1.0 528.11440128
 -2.0 536.4744818400001
 -3.0 545.3155212600001
 -4.0 554.6101812800001
 -5.0 565.96474062
 -6.0 578.4665198000001
 -7.0 591.4178198400001
 -8.0 604.75373904
 -9.0 618.9394598800001
 -10.0 635.0506207600001
 -11.0 650.9335016200001
 -12.0 669.5937012
 -13.0 687.5020801000002
 -14.0 702.9876410200002
 -15.0 720.2483203400001
 -16.0 738.6785010000001
 -17.0 756.6883813800002
 -18.0 773.1001825200001
 -19.0 784.5668811199998
 -20.0 795.39384096
 -21.0 807.56898134
 -22.0 819.4087005799998
 -23.0 833.1809008800001
 -24.0 844.9035199000001
 -25.0 855.6516601599999
 -26.0 865.9721600400001
 -27.0 877.8821405
 -28.0 890.43098082
 -29.0 902.8462218999999
 -30.0 915.8670007000001
 -31.0 931.3171606199999
 -32.0 946.1299401599999
 -33.0 957.24982054
 -34.0 966.58740112
 -35.0 973.2678613200001
 -36.0 977.6672412000001
 -37.0 983.2586608800002
 -38.0 986.0281213400003
 -39.0 985.5876416000002
 -40.0 985.5571813800001
 -41.0 984.1620812800002
 -42.0 984.1365014400003
 -43.0 985.3925414800002
 -44.0 989.1036413400003
 -45.0 991.0091003200002
 -46.0 994.5002795200002
 -47.0 996.0887597600002
 -48.0 999.0832592600003
 -49.0 1002.5659399200003
 -50.0 1006.7096801600003
 -51.0 1011.1201403600004
 -52.0 1015.2534204000004
 -53.0 1018.9960607800004
 -54.0 1021.4506604000002
 -55.0 1020.7612011600002
 -56.0 1017.7637011600002
 -57.0 1015.4290417400002
 -58.0 1012.28494262
 -59.0 1008.3475415
 -60.0 1002.6704406600002
 -61.0 997.26514038
 -62.0 988.3743200799998
 -63.0 980.7019214
 -64.0 974.7403808599998
 -65.0 966.42088136
 -66.0 955.8260400599997
 -67.0 945.5643200799999
 -68.0 936.0649389799999
 -69.0 930.0477600399997
 -70.0 923.8546801999997
 -71.0 917.7073999399998
 -72.0 910.6632007199998
 -73.0 902.0269800199999
 -74.0 895.03200078
 -75.0 888.7833410999999
 -76.0 881.3445813400001
 -77.0 872.39506108
 -78.0 863.3077808200002
 -79.0 853.2599597800003
 -80.0 841.8914405000003
 -81.0 828.1057605600005
 -82.0 815.6020606200003
 -83.0 805.4141004200003
 -84.0 793.8419397600004
 -85.0 783.8985193600003
 -86.0 776.1116004200002
 -87.0 767.3169605200002
 -88.0 760.42234016
 -89.0 755.4656403199999
 -90.0 748.5287799800001
 -91.0 741.10677986
 -92.0 732.6435395000001
 -93.0 722.89537972
 -94.0 713.2792200600001
 -95.0 704.71452036
 -96.0 695.67824106
 -97.0 686.3839411199998
 -98.0 675.5773615399999
 -99.0 664.2435413599998
 -100.0 653.0656208199999
 -101.0 641.5934809399998
 -102.0 631.0855805399998
 -103.0 620.4931409599999
 -104.0 611.1965217
 -105.0 604.0559217399999
 -106.0 597.6537220199999
 -107.0 590.39950144
 -108.0 584.2232416599999
 -109.0 577.5499817599998
 -110.0 570.2215619599998
 -111.0 563.1520416799999
 -112.0 557.4058417199999
 -113.0 552.2762018399999
 -114.0 547.2470417
 -115.0 542.5397418799998
 -116.0 538.0571417799999
 -117.0 535.1466217599999
 -118.0 531.1159223
 -119.0 529.3154828399998
 -120.0 528.16420232
 -121.0 527.2594415799999
 -122.0 527.2992609
 -123.0 526.2309613399999
 -124.0 525.70660098
 -125.0 525.6330402
 -126.0 528.9380804799999
 -127.0 532.4244806199999
 -128.0 536.7135602
 -129.0 541.50419984
 -130.0 545.80581972
 -131.0 549.72843936
 -132.0 553.6304400800001
 -133.0 556.94133974
 -134.0 559.7390192
 -135.0 562.6675983
 -136.0 566.80873722
 -137.0 570.9339777000001
 -138.0 575.31237736
 -139.0 580.45105718
 -140.0 584.9786169800001
 -141.0 591.1465973200001
 -142.0 597.18429812
 -143.0 603.5625384800001
 -144.0 609.95483828
 -145.0 615.18115908
 -146.0 618.51499942
 -147.0 622.93923954
 -148.0 627.00927982
 -149.0 631.3491803200001
 -150.0 635.09626102
 -151.0 637.4068213200001
 -152.0 640.7440613
 -153.0 643.65100162
 -154.0 646.59310184
 -155.0 648.3351422400001
 -156.0 650.3166022
 -157.0 652.65362184
 -158.0 653.87928102
 -159.0 655.84240054
 -160.0 657.92700076
 -161.0 659.53496098
 -162.0 660.1987219600001
 -163.0 659.83560184
 -164.0 658.25728152
 -165.0 656.4857617600001
 -166.0 653.57166202
 -167.0 648.9583813799999
 -168.0 647.04490114
 -169.0 643.60880068
 -170.0 640.6610009999999
 -171.0 636.9964013799998
 -172.0 633.5966015799999
 -173.0 630.9572607599998
 -174.0 628.2103613399998
 -175.0 625.0147216799999
 -176.0 618.7402007999998
 -177.0 612.5181201199998
 -178.0 605.3491601599999
 -179.0 598.70914064
 -180.0 592.29008118
 -181.0 586.08024108
 -182.0 579.4820403999998
 -183.0 573.6566808999999
 -184.0 569.1685607799999
 -185.0 564.52596128
 -186.0 559.3629815400001
 -187.0 554.03590146
 -188.0 549.20484188
 -189.0 544.55208186
 -190.0 540.5791820800001
 -191.0 536.5250420800002
 -192.0 532.37682126
 -193.0 527.60308102
 -194.0 522.30712154
 -195.0 518.28266108
 -196.0 515.2124407399999
 -197.0 511.8578807999999
 -198.0 508.8449205999998
 -199.0 506.0963201399999
 -200.0 504.25611933999994
 -201.0 503.95543939999993
 -202.0 502.25793939999994
 -203.0 500.4585186199999
 -204.0 497.9195781799998
 -205.0 495.56743767999984
 -206.0 492.92441827999994
 -207.0 489.57489863999996
 -208.0 487.30265865999985
 -209.0 484.56645929999985
 -210.0 481.7047185799999
 -211.0 478.9942980399999
 -212.0 476.3107177199999
 -213.0 473.6927776599998
 -214.0 472.3048174599999
 -215.0 470.3164775999999
 -216.0 468.79455803999986
 -217.0 467.49709831999985
 -218.0 465.46749809999994
 -219.0 463.79245841999995
 -220.0 462.00993828
 -221.0 460.13413812
 -222.0 457.36061821999994
 -223.0 453.73373896
 -224.0 450.32013912
 -225.0 446.45631894000013
 -226.0 443.58221922000007
 -227.0 440.4832195800001
 -228.0 437.05967954000016
 -229.0 433.4321197200001
 -230.0 430.42395994000003
 -231.0 427.33757994000007
 -232.0 425.20486022000006
 -233.0 422.40092039999996
 -234.0 419.31400083999995
 -235.0 415.7219408999999
 -236.0 411.85388119999993
 -237.0 407.99680111999993
 -238.0 404.1925213399999
 -239.0 400.3636218
 -240.0 396.4763018599999
 -241.0 392.14704159999997
 -242.0 388.07672178000007
 -243.0 384.4730615000001
 -244.0 381.57082152000015
 -245.0 378.32256164000006
 -246.0 375.3811615000001
 -247.0 372.6074414000001
 -248.0 369.7731414600001
 -249.0 366.5613214
 -250.0 362.66262143999995
 -251.0 357.28920103999997
 -252.0 352.28324095999994
 -253.0 347.2349212599999
 -254.0 342.1799813799999
 -255.0 336.8697411999999
 -256.0 331.6181808399999
 -257.0 326.30244078
 -258.0 320.38160094
 -259.0 315.15882080000006
 -260.0 310.11306091999995
 -261.0 305.18122131999996
 -262.0 300.25504122
 -263.0 294.87924104
 -264.0 289.93712128000004
 -265.0 285.45916108000006
 -266.0 281.53604096000004
 -267.0 278.21530092000006
 -268.0 274.65966098000007
 -269.0 271.40122074000004
 -270.0 267.7655008400001
 -271.0 264.0024411400001
 -272.0 260.7150812200001
 -273.0 258.1527011400001
 -274.0 255.28898074000006
 -275.0 253.23816074
 -276.0 251.45288088000004
 -277.0 249.67684084000004
 -278.0 248.49056094000002
 -279.0 247.32170076000006
 -280.0 246.1187805200001
 -281.0 244.90988068000001
 -282.0 243.09770050000003
 -283.0 241.70384032
 -284.0 240.27226012
 -285.0 239.34559998
 -286.0 238.22209991999998
 -287.0 236.58525971999995
 -288.0 234.97771974
 -289.0 233.31519959999997
 -290.0 231.6365796
 -291.0 230.32671968
 -292.0 228.81705963999997
 -293.0 227.02873963999994
 -294.0 225.30953949999994
 -295.0 223.70197937999993
 -296.0 222.15049927999996
 -297.0 220.34651917999992
 -298.0 218.53997925999994
 -299.0 216.84151917999995
 -300.0 215.20409944
 -301.0 214.61185944000002
 -302.0 214.07413942000002
 -303.0 213.8142795
 -304.0 213.96257936
 -305.0 213.96903932
 -306.0 213.97857942000002
 -307.0 214.22487947999997
 -308.0 214.53569947999998
 -309.0 214.3213193
 -310.0 214.09005953999997
 -311.0 213.77829928
 -312.0 213.54833924
 -313.0 213.9598791599999
 -314.0 214.10403901999996
 -315.0 214.14927919999994
 -316.0 213.85893923999996
 -317.0 213.17791933999993
 -318.0 212.5951193399999
 -319.0 211.91687927999996
 -320.0 211.47879943999996
 -321.0 210.73663939999997
 -322.0 210.0358194
 -323.0 208.96947938000002
 -324.0 208.00145966000002
 -325.0 206.91009978000002
 -326.0 205.2366397
 -327.0 203.22805970000002
 -328.0 201.41845978
 -329.0 199.54279984000001
 -330.0 197.56435976
 -331.0 195.28221986
 -332.0 193.10881990000001
 -333.0 190.75313982
 -334.0 188.36823976000002
 -335.0 186.25735994
 -336.0 184.09283296
 -337.0 182.56628143999998
 -338.0 181.00445252
 -339.0 179.33541047999998
 -340.0 177.59961091999998
 -341.0 175.60981477999994
 -342.0 173.45692597999997
 -343.0 171.15048722
 -344.0 168.94933838
 -345.0 166.71799101999997
 -346.0 164.51223233999994
 -347.0 162.24310545999995
 -348.0 159.94113143999996
 -349.0 157.66627745999995
 -350.0 155.32002363999996
 -351.0 152.95180967999994
 -352.0 150.57404599999995
 -353.0 148.19508785999997
 -354.0 145.99044445999994
 -355.0 144.06775371999996
 -356.0 142.14200527999992
 -357.0 140.51872279999995
 -358.0 138.73120753999999
 -359.0 137.05369761999998
 -360.0 135.66528269999998
 -361.0 134.32032299999997
 -362.0 132.73538983999998
 -363.0 131.00366254
 -364.0 128.99152080000002
 -365.0 127.4998411
 -366.0 126.05872781999999
 -367.0 124.60525674
 -368.0 123.04582194000001
 -369.0 121.6538502
 -370.0 120.61828379999999
 -371.0 119.97304393999998
 -372.0 119.44856274
 -373.0 119.05779461999998
 -374.0 118.73269850000001
 -375.0 118.22534286
 -376.0 118.24903548
 -377.0 118.65831770000001
 -378.0 118.49680128
 -379.0 118.51364775999998
 -380.0 118.5670584
 -381.0 118.63513442
 -382.0 118.88750900000001
 -383.0 119.16146332
 -384.0 119.4322046
 -385.0 119.45828292000002
 -386.0 119.5276352
 -387.0 119.75458726000001
 -388.0 119.77137269999999
 -389.0 119.78675172000003
 -390.0 119.98320238000004
 -391.0 120.12797074000004
 -392.0 120.42571734
 -393.0 120.91806308
 -394.0 121.3819466
 -395.0 121.80685964000004
 -396.0 122.03581792000004
 -397.0 122.31406910000004
 -398.0 122.71331378000001
 -399.0 123.04266802000004
 -400.0 123.46407748000006
 -401.0 123.98651676000003
 -402.0 124.44755390000002
 -403.0 124.89874394000002
 -404.0 125.14493780000002
 -405.0 125.22107444000001
 -406.0 125.28640890000003
 -407.0 125.34742636000004
 -408.0 125.54611944000006
 -409.0 125.70705922000003
 -410.0 125.51772190000003
 -411.0 125.16440754000003
 -412.0 125.01859272000002
 -413.0 124.80908420000002
 -414.0 124.91957371999999
 -415.0 124.63183767999998
 -416.0 124.54344839999997
 -417.0 124.66822683999997
 -418.0 124.90778553999996
 -419.0 125.08248403999997
 -420.0 124.90414723999997
 -421.0 124.90329609999995
 -422.0 124.98756579999997
 -423.0 124.59184709999995
 -424.0 124.23338029999995
 -425.0 123.96118943999994
 -426.0 123.67651597999995
 -427.0 123.39537857999996
 -428.0 123.55174729999997
 -429.0 123.68491989999997
 -430.0 123.81057769999995
 -431.0 124.02810409999996
 -432.0 124.20317733999995
 -433.0 124.53831007999993
 -434.0 124.82805875999996
 -435.0 125.05576185999996
 -436.0 125.39486325999997
 -437.0 125.63965649999994
 -438.0 125.92684047999995
 -439.0 126.27254115999995
 -440.0 126.56285167999994
 -441.0 126.88803143999993
 -442.0 127.29460949999995
 -443.0 127.81500621999996
 -444.0 128.28524241999995
 -445.0 128.80462869999997
 -446.0 129.48321316
 -447.0 130.18497602
 -448.0 130.7395465
 -449.0 131.3419551
 -450.0 131.95455672
 -451.0 132.48568998000002
 -452.0 133.03645704000002
 -453.0 133.58923216000002
 -454.0 134.26012494000003
 -455.0 134.95006862000002
 -456.0 135.70931102000003
 -457.0 136.16580974000007
 -458.0 136.60747402000007
 -459.0 136.94795070000006
 -460.0 137.80121776000007
 -461.0 138.57894800000003
 -462.0 139.28892664000003
 -463.0 140.17141948000005
 -464.0 141.04835582000004
 -465.0 142.07378444000003
 -466.0 143.0069833
 -467.0 143.60730740000002
 -468.0 144.24713316
 -469.0 144.56598692
 -470.0 144.93809660000002
 -471.0 145.24651456
 -472.0 145.42737638
 -473.0 145.94180662
 -474.0 146.49781828
 -475.0 147.07503996
 -476.0 147.82880125999998
 -477.0 148.56804504
 -478.0 149.31419797999996
 -479.0 150.03098935999998
 -480.0 150.82349423999997
 -481.0 151.69696775999998
 -482.0 152.25704191999998
 -483.0 152.5704428
 -484.0 152.93669463999998
 -485.0 153.40285187999996
 -486.0 153.78944671999994
 -487.0 154.15831299999994
 -488.0 154.72495301999993
 -489.0 155.25246217999995
 -490.0 155.82965638
 -491.0 156.51447265999997
 -492.0 157.04116851999999
 -493.0 157.46221893999999
 -494.0 158.11527223999997
 -495.0 158.72375338
 -496.0 159.33233278
 -497.0 159.9243918
 -498.0 160.65452546
 -499.0 161.79698336
 -500.0 162.77869234
 -501.0 163.97587954
 -502.0 165.61823061999996
 -503.0 167.85208467999996
 -504.0 170.3125217
 -505.0 172.39948397999996
 -506.0 174.24144016
 -507.0 176.62543064000002
 -508.0 178.83243686000003
 -509.0 181.10014804000002
 -510.0 182.71489139999997
 -511.0 184.40502874
 -512.0 186.23367772
 -513.0 187.95857822000002
 -514.0 189.98102694000002
 -515.0 191.9476468
 -516.0 193.77784453999996
 -517.0 195.64466673999996
 -518.0 197.21509611999997
 -519.0 199.26742673999996
 -520.0 201.28052549999995
 -521.0 203.39476897999992
 -522.0 205.09015715999993
 -523.0 206.68544951999996
 -524.0 208.27400083999999
 -525.0 209.92447234
 -526.0 211.46679899999998
 -527.0 212.90739225999997
 -528.0 214.09410093999998
 -529.0 215.64357298
 -530.0 217.12171629999997
 -531.0 218.91082609999998
 -532.0 220.71768004
 -533.0 222.91024137999997
 -534.0 225.1636859
 -535.0 227.37945127999998
 -536.0 229.72057189999998
 -537.0 231.91756895999998
 -538.0 234.0628842
 -539.0 236.28041746000002
 -540.0 238.93616728
 -541.0 241.76472532000003
 -542.0 244.64074948000004
 -543.0 247.58022916000002
 -544.0 250.48969112000003
 -545.0 253.82878140000005
 -546.0 256.29517086000004
 -547.0 259.11390682
 -548.0 262.05222987999997
 -549.0 263.98006282
 -550.0 266.10637873999997
 -551.0 268.00138179999993
 -552.0 269.72040981999993
 -553.0 270.4678130799999
 -554.0 270.94756343999995
 -555.0 271.82321407999996
 -556.0 273.24532072
 -557.0 274.28450467999994
 -558.0 275.42483672
 -559.0 276.12056548
 -560.0 276.60066802
 -561.0 277.20688872
 -562.0 277.60636503999996
 -563.0 277.12272887999995
 -564.0 276.37685608
 -565.0 274.90337678
 -566.0 273.69770203999997
 -567.0 272.83991151999993
 -568.0 272.14940096
 -569.0 271.36951418
 -570.0 270.57430422
 -571.0 269.52099398
 -572.0 268.7234058
 -573.0 268.23755739999996
 -574.0 267.68889712
 -575.0 267.09200258
 -576.0 266.2215616
 -577.0 265.53053072
 -578.0 265.09415773999996
 -579.0 264.35420717999995
 -580.0 263.81165345999995
 -581.0 262.9497564799999
 -582.0 262.18381195999996
 -583.0 261.35186952
 -584.0 260.4248776399999
 -585.0 259.72471405999994
 -586.0 258.7581048599999
 -587.0 257.984888
 -588.0 257.01508942
 -589.0 255.79096742
 -590.0 254.02743258000007
 -591.0 252.16168368000007
 -592.0 250.2308893200001
 -593.0 248.19657656000007
 -594.0 245.56620516000007
 -595.0 242.60118288000004
 -596.0 240.4246316800001
 -597.0 237.91386324000007
 -598.0 235.4025558600001
 -599.0 233.65047486000006
 -600.0 231.7089608800001
 -601.0 229.61486480000008
 -602.0 227.3795236000001
 -603.0 225.58318326000006
 -604.0 223.64902402000004
 -605.0 221.63492947999998
 -606.0 219.29950588
 -607.0 216.78481105999998
 -608.0 214.0849902
 -609.0 211.67527859999998
 -610.0 209.67789516000002
 -611.0 207.60175686
 -612.0 205.64516933999997
 -613.0 204.66055507999997
 -614.0 203.65502163999997
 -615.0 203.19110592
 -616.0 202.44574917999998
 -617.0 201.31354948
 -618.0 200.45213346
 -619.0 199.49685972
 -620.0 198.60723356
 -621.0 197.85177669999996
 -622.0 197.17171625999998
 -623.0 196.45111079999998
 -624.0 195.6809454
 -625.0 195.05046354
 -626.0 194.69807982000006
 -627.0 194.41661222000005
 -628.0 194.36342618000003
 -629.0 194.38083494000003
 -630.0 194.43336912000004
 -631.0 194.43820128
 -632.0 194.39109404
 -633.0 194.17219482000002
 -634.0 193.75722654
 -635.0 192.43514066
 -636.0 191.33258175999998
 -637.0 190.13930418
 -638.0 189.21468688000002
 -639.0 188.49636656
 -640.0 187.77176542
 -641.0 187.04735228000004
 -642.0 186.36839934000002
 -643.0 185.80842864000005
 -644.0 185.58026062000005
 -645.0 185.34991944
 -646.0 185.1681482
 -647.0 184.9155774
 -648.0 184.6494336
 -649.0 184.22802614
 -650.0 184.16258304
 -651.0 184.25794376000002
 -652.0 184.08267918
 -653.0 183.80508793999996
 -654.0 183.62079961999999
 -655.0 183.62316992000004
 -656.0 183.47270362
 -657.0 183.24264044
 -658.0 183.32540808000005
 -659.0 183.4075000600001
 -660.0 183.48906318000004
 -661.0 183.55035498000004
 -662.0 183.61618628000008
 -663.0 183.4952564200001
 -664.0 183.15332556000004
 -665.0 182.87683876000003
 -666.0 183.02296028000004
 -667.0 183.22054634000003
 -668.0 183.34013832
 -669.0 183.36628394
 -670.0 183.55014624
 -671.0 183.64824621999998
 -672.0 183.75307471999997
 -673.0 183.81215063999997
 -674.0 183.86847051999993
 -675.0 183.75486057999996
 -676.0 183.68618197999993
 -677.0 183.5300018799999
 -678.0 183.18970373999994
 -679.0 182.72137396
 -680.0 181.97998633999998
 -681.0 181.31955969999999
 -682.0 180.79878119999998
 -683.0 180.27766637999997
 -684.0 179.97610846
 -685.0 180.37906865999997
 -686.0 180.68120734000001
 -687.0 180.95708838000002
 -688.0 181.12983555999995
 -689.0 181.34076237999994
 -690.0 181.54188481999998
 -691.0 181.49355168000002
 -692.0 181.46071017999998
 -693.0 181.07575444000005
 -694.0 180.57713108000007
 -695.0 180.10578678000005
 -696.0 179.43545048000004
 -697.0 178.90379826000003
 -698.0 178.25937292000003
 -699.0 177.67915288000003
 -700.0 176.84763920000006
 -701.0 176.12052890000004
 -702.0 175.51992892000007
 -703.0 174.92711062
 -704.0 174.26679078000004
 -705.0 173.48670106000006
 -706.0 172.79353456000004
 -707.0 172.25824434000003
 -708.0 171.68156618
 -709.0 171.18450258000004
 -710.0 170.75153658000002
 -711.0 170.2053525
 -712.0 169.63227358
 -713.0 169.05841646000002
 -714.0 168.72244082000006
 -715.0 168.3779648
 -716.0 167.60488526
 -717.0 166.87047545999997
 -718.0 165.85791168
 -719.0 164.65673324
 -720.0 163.51172562
 -721.0 162.40430495999996
 -722.0 161.30628768
 -723.0 160.18950882
 -724.0 159.15844468
 -725.0 158.08222612
 -726.0 156.93640002
 -727.0 155.67940936000002
 -728.0 154.37475694000003
 -729.0 153.15951814000002
 -730.0 152.04174286
 -731.0 151.03632812
 -732.0 149.8994522
 -733.0 148.78187652000003
 -734.0 147.66104828000002
 -735.0 146.44407700000002
 -736.0 145.40751846000003
 -737.0 144.49848220000004
 -738.0 143.55705062000004
 -739.0 142.74074904
 -740.0 142.00043684000005
 -741.0 141.27648848
 -742.0 140.54210554000002
 -743.0 140.1921266
 -744.0 140.04530532
 -745.0 139.89442824000002
 -746.0 139.92226606
 -747.0 140.31184248000002
 -748.0 140.65715466
 -749.0 140.8847636
 -750.0 141.26601116000003
 -751.0 141.66724164000001
 -752.0 141.95584486000004
 -753.0 142.27454054
 -754.0 142.68730056
 -755.0 143.09405532
 -756.0 143.41767164
 -757.0 143.69371534
 -758.0 143.9355052
 -759.0 144.32168410000003
 -760.0 144.71500746
 -761.0 145.2779103
 -762.0 145.85357620000002
 -763.0 146.67522566
 -764.0 147.36634902000003
 -765.0 148.14093305999998
 -766.0 149.05589918
 -767.0 149.99090071999998
 -768.0 151.10363204
 -769.0 152.73615906
 -770.0 154.3210968
 -771.0 156.18919526
 -772.0 158.07080446
 -773.0 160.07975679999998
 -774.0 161.90276064000003
 -775.0 164.04750276
 -776.0 166.77434753999998
 -777.0 169.60723968000002
 -778.0 172.76436524000002
 -779.0 175.51464464
 -780.0 178.14608476
 -781.0 180.77819384000003
 -782.0 183.76441576000002
 -783.0 186.36747820000005
 -784.0 188.91042742000005
 -785.0 191.67423616000008
 -786.0 194.23743654000006
 -787.0 197.01113222000004
 -788.0 199.58992526000006
 -789.0 201.66019412000006
 -790.0 203.30291964000008
 -791.0 205.01282472000005
 -792.0 206.76845064000005
 -793.0 208.28614534000005
 -794.0 209.80701508
 -795.0 211.500932
 -796.0 213.10599273999998
 -797.0 214.27724518
 -798.0 215.5379953
 -799.0 217.12068115999998
 -800.0 218.46214385999997
 -801.0 218.96861143999996
 -802.0 219.66894101999998
 -803.0 220.34187557999994
 -804.0 220.84530299999994
 -805.0 219.72636225999995
 -806.0 219.1318273599999
 -807.0 218.3369242599999
 -808.0 217.61553157999992
 -809.0 216.46610697999998
 -810.0 215.3263441
 -811.0 214.09578317999993
 -812.0 213.32665353999994
 -813.0 212.28758737999993
 -814.0 211.34075813999988
 -815.0 210.1337021799999
 -816.0 209.05958353999992
 -817.0 208.0375110799999
 -818.0 206.9764170199999
 -819.0 205.65904335999988
 -820.0 204.0910205999999
 -821.0 202.25622933999992
 -822.0 200.3049736999999
 -823.0 198.39149315999992
 -824.0 196.59291039999994
 -825.0 194.58857751999997
 -826.0 192.12103783999996
 -827.0 189.60087915999998
 -828.0 186.82091699999998
 -829.0 184.39727838
 -830.0 182.5821017
 -831.0 180.55687190000003
 -832.0 178.37081508000006
 -833.0 176.59167842000005
 -834.0 174.60093806
 -835.0 172.45324612000002
 -836.0 170.42946012000002
 -837.0 168.07996824000003
 -838.0 165.92756742000006
 -839.0 164.03695342000003
 -840.0 162.96649566000002
 -841.0 161.86419952
 -842.0 161.06726958000002
 -843.0 160.30259856
 -844.0 159.36912994000002
 -845.0 158.2124884
 -846.0 157.37488738
 -847.0 156.5851013
 -848.0 155.7844763
 -849.0 154.82427642000002
 -850.0 154.01356536
 -851.0 153.94427856000001
 -852.0 153.8728598
 -853.0 154.19687957999997
 -854.0 154.45154999999997
 -855.0 156.48898957999998
 -856.0 158.13146087999996
 -857.0 159.88400343999996
 -858.0 161.54319761999994
 -859.0 163.46656814
 -860.0 165.26882887999997
 -861.0 167.21777173999996
 -862.0 168.74572613999996
 -863.0 170.32298536
 -864.0 171.43860243999998
 -865.0 172.69043623999997
 -866.0 173.77845412
 -867.0 174.9870909
 -868.0 176.32215499999998
 -869.0 177.46737715999998
 -870.0 178.80216078
 -871.0 180.32560468000003
 -872.0 182.10443111999996
 -873.0 183.71536252
 -874.0 185.245426
 -875.0 186.53040707999997
 -876.0 187.83320797999994
 -877.0 189.16526973999993
 -878.0 190.3082888399999
 -879.0 191.54375087999995
 -880.0 192.19907953999996
 -881.0 193.07430933999996
 -882.0 194.01828304000003
 -883.0 195.01564266000003
 -884.0 196.69430567999999
 -885.0 198.14949946000002
 -886.0 199.86648614
 -887.0 201.48527612
 -888.0 203.21693474
 -889.0 205.03972465999996
 -890.0 206.42101677999995
 -891.0 207.82687157999993
 -892.0 208.99193659999995
 -893.0 210.28583551999998
 -894.0 211.73812127999997
 -895.0 213.23226617999998
 -896.0 214.21432793999998
 -897.0 215.26361871999998
 -898.0 216.25705683999996
 -899.0 217.02904474
 -900.0 217.68127221999998
 -901.0 218.42510125999996
 -902.0 219.11735896000002
 -903.0 219.42001766
 -904.0 219.81074244000004
 -905.0 220.11184563999998
 -906.0 220.38513451999998
 -907.0 221.01713526
 -908.0 221.73649806
 -909.0 222.3164593
 -910.0 222.89423336
 -911.0 223.241806
 -912.0 223.44117031999997
 -913.0 223.71611112000002
 -914.0 224.50801724000002
 -915.0 225.31606043999997
 -916.0 226.15207881999996
 -917.0 226.75605709999994
 -918.0 227.20481655999993
 -919.0 227.8738454999999
 -920.0 228.41359495999993
 -921.0 229.10062559999992
 -922.0 229.59163511999995
 -923.0 230.25601315999995
 -924.0 230.9143975599999
 -925.0 231.7364251399999
 -926.0 232.3822048799999
 -927.0 233.05095091999993
 -928.0 233.79563567999998
 -929.0 234.49347046
 -930.0 235.22389466
 -931.0 235.71944366000002
 -932.0 235.97809692
 -933.0 236.27427062000004
 -934.0 236.19710906000003
 -935.0 236.30065826000006
 -936.0 236.26115754000003
 -937.0 236.76058930000002
 -938.0 237.37078400000001
 -939.0 238.06656464
 -940.0 239.32326020000005
 -941.0 240.67750612000003
 -942.0 242.20444306000005
 -943.0 243.61139008
 -944.0 245.07697875999997
 -945.0 246.81981261999996
 -946.0 249.09685242
 -947.0 252.05098235999998
 -948.0 254.68623991999996
 -949.0 257.72984923999996
 -950.0 260.92878081999993
 -951.0 264.27226898
 -952.0 267.51094237999996
 -953.0 270.45917602
 -954.0 273.79615753999997
 -955.0 277.03308138
 -956.0 280.3710363999999
 -957.0 283.12805391999996
 -958.0 286.0656943
 -959.0 289.9250809
 -960.0 294.01414766
 -961.0 298.08788514
 -962.0 302.3044216999999
 -963.0 306.38810333999993
 -964.0 310.29759218
 -965.0 313.90056766
 -966.0 317.60709505999995
 -967.0 320.80177798
 -968.0 324.21073946
 -969.0 327.45694704000005
 -970.0 331.06653902
 -971.0 333.9163553199999
 -972.0 336.86416719999994
 -973.0 339.58341951999995
 -974.0 342.64059358
 -975.0 345.81932344
 -976.0 349.59807434000004
 -977.0 353.4570352
 -978.0 358.20598172000007
 -979.0 362.2025619200001
 -980.0 365.14753018000005
 -981.0 368.23953550000004
 -982.0 370.2892751800001
 -983.0 372.6468444600001
 -984.0 374.9305639400001
 -985.0 376.95954282000014
 -986.0 379.0814086600001
 -987.0 381.1996337600001
 -988.0 383.19976438000003
 -989.0 385.3591180000001
 -990.0 386.5893828800001
 -991.0 387.9418877600001
 -992.0 388.80838984
 -993.0 389.79149041999995
 -994.0 391.20805720000004
 -995.0 392.20361506
 -996.0 393.0034093800001
 -997.0 392.72047176000007
 -998.0 392.14275876000005
 -999.0 391.3069189200001
 -1000.0 389.9317352000001
 -1001.0 388.88703549999997
 -1002.0 388.03146176
 -1003.0 387.5509667600001
 -1004.0 386.81998958
 -1005.0 386.10076900000007
 -1006.0 385.3781652400001
 -1007.0 384.9692412800001
 -1008.0 384.21287592000016
 -1009.0 382.56281854000014
 -1010.0 380.7453039000001
 -1011.0 379.12978572000014
 -1012.0 377.53318904000014
 -1013.0 375.7588811800001
 -1014.0 374.1216680400001
 -1015.0 373.0077154000001
 -1016.0 371.9907293200001
 -1017.0 371.6275542600001
 -1018.0 371.21369256000014
 -1019.0 371.1406279800001
 -1020.0 370.6015593600001
 -1021.0 370.51121937999994
 -1022.0 370.33073354
 -1023.0 370.00266104
 -1024.0 369.4622863000001
 -1025.0 369.02813042
 -1026.0 368.05892816
 -1027.0 366.74007136
 -1028.0 365.04283259999994
 -1029.0 364.51748226
 -1030.0 364.99937740000007
 -1031.0 365.4837066200001
 -1032.0 366.9028606600001
 -1033.0 367.7133813000001
 -1034.0 368.73985226000013
 -1035.0 369.76082516
 -1036.0 370.4732269000001
 -1037.0 370.76758848
 -1038.0 371.00548338
 -1039.0 371.1889849800001
 -1040.0 371.54071960000016
 -1041.0 371.74738586000007
 -1042.0 372.49344176000005
 -1043.0 373.45854307999997
 -1044.0 374.77254454
 -1045.0 375.79951660000006
 -1046.0 377.15972471999993
 -1047.0 378.6219293
 -1048.0 380.7798003800001
 -1049.0 383.14894772
 -1050.0 385.94672728
 -1051.0 388.45214414000003
 -1052.0 390.6114758
 -1053.0 392.45289548
 -1054.0 394.5029315
 -1055.0 397.00694456
 -1056.0 399.4014782599999
 -1057.0 401.63532957999996
 -1058.0 404.76610289999996
 -1059.0 408.83105711999997
 -1060.0 413.0619775199999
 -1061.0 418.1794781399999
 -1062.0 423.1782977199998
 -1063.0 427.77571349999994
 -1064.0 431.3155633399997
 -1065.0 434.65011471999986
 -1066.0 438.10290095999983
 -1067.0 442.1987102999998
 -1068.0 446.9927196999999
 -1069.0 450.9845776199998
 -1070.0 455.32780943999984
 -1071.0 460.07230345999994
 -1072.0 463.91055054000003
 -1073.0 468.5178796399999
 -1074.0 473.1789410399999
 -1075.0 477.4515350399999
 -1076.0 480.94937805999984
 -1077.0 485.03622253999987
 -1078.0 488.38599366
 -1079.0 491.02648132
 -1080.0 494.20249390000004
 -1081.0 497.74660584000014
 -1082.0 501.3424737600001
 -1083.0 505.25181946000004
 -1084.0 509.89551514
 -1085.0 514.9798791600001
 -1086.0 520.34151612
 -1087.0 525.87107484
 -1088.0 530.9050848599999
 -1089.0 535.17427858
 -1090.0 540.20822756
 -1091.0 544.1304760999999
 -1092.0 548.3197796999999
 -1093.0 552.5666467799999
 -1094.0 556.1889770999999
 -1095.0 561.1275610799999
 -1096.0 566.6644122799999
 -1097.0 572.4115540199999
 -1098.0 578.4503406599998
 -1099.0 583.9471979599998
 -1100.0 589.3344434399999
 -1101.0 595.3326142199999
 -1102.0 605.6397711999998
 -1103.0 617.4932501999998
 -1104.0 630.2945661199999
 -1105.0 644.8296082399999
 -1106.0 659.75348886
 -1107.0 674.8048230999999
 -1108.0 690.2314771599999
 -1109.0 704.4866785799999
 -1110.0 715.1282239999999
 -1111.0 723.8278345799997
 -1112.0 734.3646668599998
 -1113.0 747.3199939999998
 -1114.0 760.38066296
 -1115.0 774.7015406600002
 -1116.0 788.54038954
 -1117.0 802.1708192200001
 -1118.0 817.4198866000003
 -1119.0 833.3188844000003
 -1120.0 843.7832557400002
 -1121.0 856.1793250800001
 -1122.0 869.41205336
 -1123.0 885.31233168
 -1124.0 899.76244764
 -1125.0 915.0667420599999
 -1126.0 929.0339295599998
 -1127.0 944.2141907999999
 -1128.0 960.6710767799999
 -1129.0 977.2774390999998
 -1130.0 992.2058167799997
 -1131.0 1007.7933631599997
 -1132.0 1026.3770143
 -1133.0 1047.8080934
 -1134.0 1066.9797108199998
 -1135.0 1088.4953492399998
 -1136.0 1108.9560462599998
 -1137.0 1128.0546436599998
 -1138.0 1150.2211634199998
 -1139.0 1173.38550668
 -1140.0 1195.5732911
 -1141.0 1219.5749585799997
 -1142.0 1244.21346688
 -1143.0 1267.96745002
 -1144.0 1291.3524158399998
 -1145.0 1313.29538948
 -1146.0 1334.3087928
 -1147.0 1356.647555
 -1148.0 1380.3641602200003
 -1149.0 1404.811388
 -1150.0 1428.5947180800003
 -1151.0 1451.8160401000005
 -1152.0 1467.9457447000004
 -1153.0 1478.5451636400003
 -1154.0 1489.0765552400005
 -1155.0 1494.4483862800002
 -1156.0 1498.8554980800004
 -1157.0 1503.5710181000002
 -1158.0 1506.2704516799997
 -1159.0 1512.31967044
 -1160.0 1520.3689380199999
 -1161.0 1531.0173095999999
 -1162.0 1539.24080814
 -1163.0 1545.5372485599999
 -1164.0 1555.1953881999996
 -1165.0 1564.9877124199995
 -1166.0 1577.0788256999995
 -1167.0 1589.2942114399996
 -1168.0 1597.7316186799997
 -1169.0 1606.6100366399996
 -1170.0 1619.6206665199998
 -1171.0 1633.38413088
 -1172.0 1645.85560548
 -1173.0 1653.8574634000001
 -1174.0 1663.50860354
 -1175.0 1672.83642826
 -1176.0 1683.42978764
 -1177.0 1693.1324267999998
 -1178.0 1701.7346631399998
 -1179.0 1709.97669438
 -1180.0 1717.50364994
 -1181.0 1723.6958423199999
 -1182.0 1725.2602368399998
 -1183.0 1723.94923098
 -1184.0 1726.1108179
 -1185.0 1726.0676928999999
 -1186.0 1726.3378759999998
 -1187.0 1730.4470190799998
 -1188.0 1732.43535648
 -1189.0 1735.44189702
 -1190.0 1740.1025659600004
 -1191.0 1747.2911182000005
 -1192.0 1750.9889160400007
 -1193.0 1756.5691748400006
 -1194.0 1762.6252368600008
 -1195.0 1769.3969946600007
 -1196.0 1773.1971899800012
 -1197.0 1777.999499540001
 -1198.0 1780.6926929000008
 -1199.0 1784.208239780001
 -1200.0 1788.9706982600005
 -1201.0 1793.0457422000006
 -1202.0 1803.3896386800002
 -1203.0 1820.6876587000004
 -1204.0 1838.5384692400005
 -1205.0 1857.6633252000001
 -1206.0 1875.6405517800001
 -1207.0 1891.1838281399998
 -1208.0 1906.1866235599998
 -1209.0 1921.49668948
 -1210.0 1938.9395483600001
 -1211.0 1955.4931885
 -1212.0 1971.9266260000002
 -1213.0 1985.49364016
 -1214.0 1998.7200000199998
 -1215.0 2014.94655762
 -1216.0 2031.5093041999999
 -1217.0 2049.07593018
 -1218.0 2068.2301440399997
 -1219.0 2087.17038574
 -1220.0 2110.64619384
 -1221.0 2131.193608379999
 -1222.0 2162.7240454
 -1223.0 2191.9625878800002
 -1224.0 2226.2788158999997
 -1225.0 2259.6274365
 -1226.0 2293.6649145200004
 -1227.0 2335.3653857
 -1228.0 2377.6895873599997
 -1229.0 2420.97112544
 -1230.0 2470.5184692
 -1231.0 2512.66243894
 -1232.0 2555.09713866
 -1233.0 2604.7711010599996
 -1234.0 2643.47670164
 -1235.0 2680.89693114
 -1236.0 2712.7177661000005
 -1237.0 2743.9254687199996
 -1238.0 2756.2183788800003
 -1239.0 2773.53702144
 -1240.0 2782.6039110999996
 -1241.0 2785.6535107
 -1242.0 2787.2766576799995
 -1243.0 2798.2860229000003
 -1244.0 2810.2608568799997
 -1245.0 2825.66725336
 -1246.0 2840.9754784399997
 -1247.0 2847.6021288399998
 -1248.0 2851.7502342999996
 -1249.0 2856.8374999199996
 -1250.0 2867.983266539999
 -1251.0 2877.866567339999
 -1252.0 2886.00531246
 -1253.0 2894.4057421599996
 -1254.0 2897.7873193
 -1255.0 2901.7599267200003
 -1256.0 2909.1638817800003
 -1257.0 2916.2264062000004
 -1258.0 2923.251406200001
 -1259.0 2928.8125292400005
 -1260.0 2930.9478661600006
 -1261.0 2929.952539020001
 -1262.0 2930.1305028800007
 -1263.0 2936.0658202800005
 -1264.0 2940.5024511399997
 -1265.0 2942.0315527199996
 -1266.0 2936.1275195199996
 -1267.0 2928.6399560399996
 -1268.0 2918.1370800599993
 -1269.0 2906.2429199
 -1270.0 2892.2523535000005
 -1271.0 2870.9801806600003
 -1272.0 2839.8574584800003
 -1273.0 2814.5795971400007
 -1274.0 2783.8930590600003
 -1275.0 2750.339797339999
 -1276.0 2717.2300024199994
 -1277.0 2678.7549413799993
 -1278.0 2641.771196259999
 -1279.0 2605.9406835799996
 -1280.0 2568.0576122799994
 -1281.0 2534.612749
 -1282.0 2503.3105858999998
 -1283.0 2466.2517236
 -1284.0 2439.92376462
 -1285.0 2412.14529294
 -1286.0 2392.9909277
 -1287.0 2371.69276364
 -1288.0 2364.879707
 -1289.0 2352.12767088
 -1290.0 2345.7433154
 -1291.0 2342.62249998
 -1292.0 2341.16532468
 -1293.0 2327.09518308
 -1294.0 2312.84923094
 -1295.0 2293.29876952
 -1296.0 2276.17665772
 -1297.0 2265.7550366199994
 -1298.0 2258.0757958999993
 -1299.0 2246.6156201199997
 -1300.0 2228.0669286999996
 -1301.0 2215.21597898
 -1302.0 2201.59753416
 -1303.0 2186.99053708
 -1304.0 2177.0110107200003
 -1305.0 2168.22694822
 -1306.0 2158.5924267400005
 -1307.0 2152.7538329800004
 -1308.0 2148.3359667600007
 -1309.0 2143.7897607000004
 -1310.0 2143.698618120001
 -1311.0 2147.34744136
 -1312.0 2151.1347948800003
 -1313.0 2153.17002924
 -1314.0 2152.45919916
 -1315.0 2154.7328612600004
 -1316.0 2163.92616692
 -1317.0 2174.30496086
 -1318.0 2192.8150731799997
 -1319.0 2209.5197460399995
 -1320.0 2227.9495800199998
 -1321.0 2253.0144530599996
 -1322.0 2278.8003539399997
 -1323.0 2299.87391352
 -1324.0 2326.5490209399995
 -1325.0 2355.5935424199993
 -1326.0 2385.218840259999
 -1327.0 2408.7711376199995
 -1328.0 2427.4749071399992
 -1329.0 2444.6613377999993
 -1330.0 2462.8244286199993
 -1331.0 2486.2910252999995
 -1332.0 2507.8118993199996
 -1333.0 2528.13192374
 -1334.0 2548.0825877999996
 -1335.0 2567.56006338
 -1336.0 2585.5647801799996
 -1337.0 2601.26805166
 -1338.0 2624.2795409200003
 -1339.0 2646.2337596599996
 -1340.0 2668.545742099999
 -1341.0 2690.2399315599996
 -1342.0 2718.1801634999997
 -1343.0 2756.07504632
 -1344.0 2792.0082201399996
 -1345.0 2832.59700188
 -1346.0 2872.7459105599996
 -1347.0 2913.8120775599987
 -1348.0 2954.468622979999
 -1349.0 2986.650576099999
 -1350.0 3020.8466649799993
 -1351.0 3049.57405024
 -1352.0 3073.3001122399996
 -1353.0 3096.2101415399993
 -1354.0 3120.6284569599993
 -1355.0 3142.511215759999
 -1356.0 3166.4272753399996
 -1357.0 3192.7662597199997
 -1358.0 3218.2612499599995
 -1359.0 3238.6128905799997
 -1360.0 3257.914028279999
 -1361.0 3273.7787890199993
 -1362.0 3281.7216161599995
 -1363.0 3284.807172799999
 -1364.0 3296.3175390199995
 -1365.0 3304.935615199999
 -1366.0 3307.022421839999
 -1367.0 3307.71490232
 -1368.0 3305.8154345400003
 -1369.0 3304.2235595399998
 -1370.0 3297.0123681400005
 -1371.0 3291.2414111200005
 -1372.0 3287.9900878800004
 -1373.0 3293.272124
 -1374.0 3294.66177732
 -1375.0 3297.7200830000006
 -1376.0 3299.1117822200004
 -1377.0 3306.3519628999998
 -1378.0 3317.6662841999996
 -1379.0 3329.0239844000002
 -1380.0 3336.64512698
 -1381.0 3342.4207568600004
 -1382.0 3346.416132840001
 -1383.0 3352.4809033400006
 -1384.0 3355.9472217000007
 -1385.0 3364.622128920001
 -1386.0 3375.84410646
 -1387.0 3391.0902930000007
 -1388.0 3402.2859180000005
 -1389.0 3414.3399414400005
 -1390.0 3424.7750928
 -1391.0 3437.84062502
 -1392.0 3452.2858154600003
 -1393.0 3456.6757080400002
 -1394.0 3460.25954594
 -1395.0 3464.8805225
 -1396.0 3468.88201664
 -1397.0 3474.1968847999997
 -1398.0 3478.2513379199995
 -1399.0 3488.3285986599994
 -1400.0 3504.128671899999
 -1401.0 3523.876801779999
 -1402.0 3546.159692419999
 -1403.0 3566.5156152799987
 -1404.0 3584.8054639199995
 -1405.0 3610.7912060999993
 -1406.0 3634.351689499999
 -1407.0 3652.7925195799994
 -1408.0 3671.0914844199997
 -1409.0 3693.55232916
 -1410.0 3717.3230566999996
 -1411.0 3746.9758447799995
 -1412.0 3782.49735358
 -1413.0 3819.93221686
 -1414.0 3852.982544
 -1415.0 3883.2143750399996
 -1416.0 3917.61020024
 -1417.0 3951.6260644999998
 -1418.0 3981.530835
 -1419.0 4007.17536136
 -1420.0 4036.78130374
 -1421.0 4059.7314551
 -1422.0 4085.6640088199997
 -1423.0 4107.7123096000005
 -1424.0 4125.273081079999
 -1425.0 4138.6750635
 -1426.0 4157.888554720001
 -1427.0 4172.31781252
 -1428.0 4186.20143556
 -1429.0 4195.0601172
 -1430.0 4205.72317384
 -1431.0 4220.09791016
 -1432.0 4240.4829541
 -1433.0 4262.2054541
 -1434.0 4284.09379394
 -1435.0 4302.195805660001
 -1436.0 4310.88964356
 -1437.0 4316.02869628
 -1438.0 4323.387509759999
 -1439.0 4333.6201660199995
 -1440.0 4344.946191399999
 -1441.0 4356.18033202
 -1442.0 4355.45680662
 -1443.0 4352.54027342
 -1444.0 4354.82568358
 -1445.0 4354.081474600001
 -1446.0 4348.00794922
 -1447.0 4338.5592187600005
 -1448.0 4336.30495118
 -1449.0 4336.949199239999
 -1450.0 4328.792553719999
 -1451.0 4319.714824219999
 -1452.0 4311.653666979998
 -1453.0 4304.5690722399995
 -1454.0 4298.481733379999
 -1455.0 4286.427748999999
 -1456.0 4276.444184539999
 -1457.0 4266.657358359999
 -1458.0 4258.798115199999
 -1459.0 4249.713056599999
