 0.0 3.2053e-2
 -1.0 2.7119e-2
 -2.0 2.7437e-2
 -3.0 2.3977e-2
 -4.0 2.5808e-2
 -5.0 2.623e-2
 -6.0 2.6445e-2
 -7.0 2.758e-2
 -8.0 2.5773e-2
 -9.0 2.6369e-2
 -10.0 2.8084e-2
 -11.0 2.9581e-2
 -12.0 2.833e-2
 -13.0 2.8549e-2
 -14.0 2.7444e-2
 -15.0 2.8382e-2
 -16.0 3.0447e-2
 -17.0 3.6332e-2
 -18.0 5.0593e-2
 -19.0 0.119744
 -20.0 8.9718e-2
 -21.0 0.119883
 -22.0 0.131352
 -23.0 0.132351
 -24.0 0.131807
 -25.0 0.13587
 -26.0 0.127488
 -27.0 0.117839
 -28.0 0.105501
 -29.0 0.115465
 -30.0 0.119609
 -31.0 0.110281
 -32.0 0.121383
 -33.0 0.133891
 -34.0 0.134281
 -35.0 0.240753
 -36.0 0.213467
 -37.0 0.404665
 -38.0 0.513011
 -39.0 0.518198
 -40.0 0.531273
 -41.0 0.486151
 -42.0 0.477851
 -43.0 0.40715
 -44.0 0.414027
 -45.0 0.390029
 -46.0 0.416363
 -47.0 0.428465
 -48.0 0.414176
 -49.0 0.407701
 -50.0 0.529299
 -51.0 0.639243
 -52.0 0.719695
 -53.0 0.728657
 -54.0 0.782587
 -55.0 1.07966
 -56.0 1.11412
 -57.0 0.999559
 -58.0 1.02715
 -59.0 1.00852
 -60.0 0.899002
 -61.0 0.814743
 -62.0 0.793121
 -63.0 0.688412
 -64.0 0.897508
 -65.0 0.884124
 -66.0 0.802262
 -67.0 0.778587
 -68.0 0.626493
 -69.0 0.629102
 -70.0 0.659843
 -71.0 0.650498
 -72.0 0.70751
 -73.0 0.613163
 -74.0 0.570458
 -75.0 0.56307
 -76.0 0.622208
 -77.0 0.637495
 -78.0 0.623382
 -79.0 0.616833
 -80.0 0.670286
 -81.0 0.623204
 -82.0 0.531913
 -83.0 0.519315
 -84.0 0.421672
 -85.0 0.390534
 -86.0 0.438836
 -87.0 0.379303
 -88.0 0.327371
 -89.0 0.369753
 -90.0 0.340447
 -91.0 0.356584
 -92.0 0.391602
 -93.0 0.405872
 -94.0 0.369769
 -95.0 0.384315
 -96.0 0.373314
 -97.0 0.396908
 -98.0 0.409368
 -99.0 0.40381
 -100.0 0.419883
 -101.0 0.385618
 -102.0 0.391472
 -103.0 0.378779
 -104.0 0.364441
 -105.0 0.337871
 -106.0 0.345258
 -107.0 0.322966
 -108.0 0.344033
 -109.0 0.338335
 -110.0 0.335536
 -111.0 0.312581
 -112.0 0.304397
 -113.0 0.293504
 -114.0 0.297106
 -115.0 0.300787
 -116.0 0.297622
 -117.0 0.285357
 -118.0 0.247281
 -119.0 0.221743
 -120.0 0.222207
 -121.0 0.209873
 -122.0 0.223498
 -123.0 0.223722
 -124.0 0.223026
 -125.0 0.199562
 -126.0 0.185709
 -127.0 0.178878
 -128.0 0.154763
 -129.0 0.156155
 -130.0 0.197648
 -131.0 0.204947
 -132.0 0.213189
 -133.0 0.203481
 -134.0 0.189259
 -135.0 0.189201
 -136.0 0.184605
 -137.0 0.167806
 -138.0 0.154926
 -139.0 0.160058
 -140.0 0.146882
 -141.0 0.147209
 -142.0 0.155919
 -143.0 0.150768
 -144.0 0.156385
 -145.0 0.172447
 -146.0 0.155356
 -147.0 0.148758
 -148.0 0.144451
 -149.0 0.148794
 -150.0 0.156599
 -151.0 0.153106
 -152.0 0.156347
 -153.0 0.166029
 -154.0 0.212233
 -155.0 0.200532
 -156.0 0.200853
 -157.0 0.22139
 -158.0 0.256646
 -159.0 0.243724
 -160.0 0.260341
 -161.0 0.272358
 -162.0 0.301247
 -163.0 0.29058
 -164.0 0.285535
 -165.0 0.288473
 -166.0 0.312875
 -167.0 0.271654
 -168.0 0.294295
 -169.0 0.288489
 -170.0 0.357874
 -171.0 0.365057
 -172.0 0.343318
 -173.0 0.358693
 -174.0 0.37242
 -175.0 0.369709
 -176.0 0.360182
 -177.0 0.366338
 -178.0 0.350021
 -179.0 0.335176
 -180.0 0.328352
 -181.0 0.323593
 -182.0 0.297089
 -183.0 0.260127
 -184.0 0.270932
 -185.0 0.28589
 -186.0 0.273434
 -187.0 0.260155
 -188.0 0.256375
 -189.0 0.243664
 -190.0 0.245544
 -191.0 0.243271
 -192.0 0.256136
 -193.0 0.24884
 -194.0 0.224408
 -195.0 0.202873
 -196.0 0.208989
 -197.0 0.200655
 -198.0 0.196567
 -199.0 0.193557
 -200.0 0.174783
 -201.0 0.20319
 -202.0 0.211143
 -203.0 0.225214
 -204.0 0.222507
 -205.0 0.227742
 -206.0 0.228154
 -207.0 0.214012
 -208.0 0.220467
 -209.0 0.215721
 -210.0 0.211119
 -211.0 0.205358
 -212.0 0.202091
 -213.0 0.176868
 -214.0 0.18128
 -215.0 0.166585
 -216.0 0.160408
 -217.0 0.172375
 -218.0 0.162747
 -219.0 0.162962
 -220.0 0.16138
 -221.0 0.164117
 -222.0 0.167185
 -223.0 0.161985
 -224.0 0.158556
 -225.0 0.139839
 -226.0 0.137868
 -227.0 0.132703
 -228.0 0.135269
 -229.0 0.126099
 -230.0 0.127444
 -231.0 0.11932
 -232.0 0.12572
 -233.0 0.137671
 -234.0 0.142208
 -235.0 0.158278
 -236.0 0.150655
 -237.0 0.15096
 -238.0 0.148921
 -239.0 0.146084
 -240.0 0.150373
 -241.0 0.145389
 -242.0 0.139971
 -243.0 0.128792
 -244.0 0.131483
 -245.0 0.127181
 -246.0 0.137887
 -247.0 0.137092
 -248.0 0.142262
 -249.0 0.156118
 -250.0 0.170865
 -251.0 0.179378
 -252.0 0.180869
 -253.0 0.162175
 -254.0 0.163637
 -255.0 0.170277
 -256.0 0.164028
 -257.0 0.173172
 -258.0 0.172731
 -259.0 0.164765
 -260.0 0.16554
 -261.0 0.16338
 -262.0 0.163313
 -263.0 0.154087
 -264.0 0.143297
 -265.0 0.140901
 -266.0 0.131941
 -267.0 0.130255
 -268.0 0.127547
 -269.0 0.131721
 -270.0 0.130553
 -271.0 0.125378
 -272.0 0.113752
 -273.0 0.123507
 -274.0 0.116355
 -275.0 0.112439
 -276.0 0.11297
 -277.0 0.10291
 -278.0 9.4662e-2
 -279.0 9.504e-2
 -280.0 9.5331e-2
 -281.0 0.109887
 -282.0 9.9785e-2
 -283.0 0.102437
 -284.0 9.3764e-2
 -285.0 9.5003e-2
 -286.0 9.0149e-2
 -287.0 9.2453e-2
 -288.0 9.4077e-2
 -289.0 9.4282e-2
 -290.0 9.3338e-2
 -291.0 0.100264
 -292.0 0.10548
 -293.0 0.105469
 -294.0 0.10056
 -295.0 0.102196
 -296.0 0.106827
 -297.0 0.104432
 -298.0 0.103607
 -299.0 0.105265
 -300.0 8.7569e-2
 -301.0 8.8666e-2
 -302.0 8.3983e-2
 -303.0 7.8235e-2
 -304.0 7.6643e-2
 -305.0 7.3508e-2
 -306.0 7.0513e-2
 -307.0 6.6745e-2
 -308.0 6.9829e-2
 -309.0 6.8248e-2
 -310.0 6.9322e-2
 -311.0 6.9963e-2
 -312.0 6.3899e-2
 -313.0 6.943e-2
 -314.0 7.235e-2
 -315.0 8.1493e-2
 -316.0 8.7606e-2
 -317.0 8.3193e-2
 -318.0 8.9754e-2
 -319.0 8.2754e-2
 -320.0 8.1028e-2
 -321.0 7.9476e-2
 -322.0 8.6001e-2
 -323.0 8.4032e-2
 -324.0 8.4606e-2
 -325.0 8.5195e-2
 -326.0 8.4469e-2
 -327.0 8.2525e-2
 -328.0 8.0789e-2
 -329.0 8.1304e-2
 -330.0 8.2991e-2
 -331.0 8.1303e-2
 -332.0 8.4658e-2
 -333.0 8.6607e-2
 -334.0 8.6357e-2
 -335.0 8.4679e-2
 -336.0 7.0939e-2
 -337.0 7.3214e-2
 -338.0 7.3103e-2
 -339.0 7.1293e-2
 -340.0 7.4789e-2
 -341.0 7.5814e-2
 -342.0 7.7408e-2
 -343.0 7.5131e-2
 -344.0 7.5836e-2
 -345.0 7.6342e-2
 -346.0 7.5873e-2
 -347.0 7.5776e-2
 -348.0 7.4743e-2
 -349.0 7.4321e-2
 -350.0 7.3859e-2
 -351.0 7.3713e-2
 -352.0 7.2886e-2
 -353.0 7.3166e-2
 -354.0 6.9627e-2
 -355.0 6.9647e-2
 -356.0 6.9705e-2
 -357.0 7.0867e-2
 -358.0 7.2584e-2
 -359.0 7.1479e-2
 -360.0 7.6229e-2
 -361.0 7.6148e-2
 -362.0 8.0952e-2
 -363.0 7.8544e-2
 -364.0 7.6493e-2
 -365.0 7.4226e-2
 -366.0 7.5221e-2
 -367.0 7.6481e-2
 -368.0 7.6001e-2
 -369.0 7.3603e-2
 -370.0 6.4824e-2
 -371.0 6.3543e-2
 -372.0 6.1151e-2
 -373.0 6.0675e-2
 -374.0 6.1916e-2
 -375.0 5.2582e-2
 -376.0 4.4777e-2
 -377.0 4.778e-2
 -378.0 4.4255e-2
 -379.0 4.3412e-2
 -380.0 3.8458e-2
 -381.0 3.7725e-2
 -382.0 3.5806e-2
 -383.0 3.6461e-2
 -384.0 4.2021e-2
 -385.0 4.1866e-2
 -386.0 3.8916e-2
 -387.0 4.1468e-2
 -388.0 4.1672e-2
 -389.0 3.8671e-2
 -390.0 3.7699e-2
 -391.0 3.4251e-2
 -392.0 3.0798e-2
 -393.0 2.9864e-2
 -394.0 3.0678e-2
 -395.0 3.1693e-2
 -396.0 3.0203e-2
 -397.0 2.9551e-2
 -398.0 3.0609e-2
 -399.0 2.919e-2
 -400.0 2.8358e-2
 -401.0 2.8274e-2
 -402.0 2.9103e-2
 -403.0 3.2824e-2
 -404.0 3.4735e-2
 -405.0 3.4545e-2
 -406.0 3.9401e-2
 -407.0 4.0796e-2
 -408.0 4.2009e-2
 -409.0 4.423e-2
 -410.0 4.5716e-2
 -411.0 4.1511e-2
 -412.0 4.1198e-2
 -413.0 3.6944e-2
 -414.0 4.1862e-2
 -415.0 4.1508e-2
 -416.0 4.328e-2
 -417.0 4.1063e-2
 -418.0 4.2547e-2
 -419.0 4.5258e-2
 -420.0 4.2682e-2
 -421.0 4.3812e-2
 -422.0 4.4701e-2
 -423.0 4.9261e-2
 -424.0 4.7996e-2
 -425.0 4.8525e-2
 -426.0 5.2169e-2
 -427.0 4.4529e-2
 -428.0 4.4147e-2
 -429.0 4.3704e-2
 -430.0 4.0241e-2
 -431.0 4.4059e-2
 -432.0 4.281e-2
 -433.0 4.4777e-2
 -434.0 4.5318e-2
 -435.0 4.4316e-2
 -436.0 4.575e-2
 -437.0 4.3477e-2
 -438.0 4.2937e-2
 -439.0 4.3578e-2
 -440.0 4.29e-2
 -441.0 4.3027e-2
 -442.0 4.2691e-2
 -443.0 4.2649e-2
 -444.0 4.1168e-2
 -445.0 3.8772e-2
 -446.0 3.8251e-2
 -447.0 3.9656e-2
 -448.0 3.8374e-2
 -449.0 3.8678e-2
 -450.0 3.9317e-2
 -451.0 3.8029e-2
 -452.0 3.7857e-2
 -453.0 3.7896e-2
 -454.0 3.6663e-2
 -455.0 3.6396e-2
 -456.0 4.0751e-2
 -457.0 4.1058e-2
 -458.0 4.283e-2
 -459.0 4.1733e-2
 -460.0 4.1751e-2
 -461.0 4.1118e-2
 -462.0 4.054e-2
 -463.0 4.06e-2
 -464.0 4.1026e-2
 -465.0 4.1452e-2
 -466.0 4.5605e-2
 -467.0 4.6158e-2
 -468.0 4.7551e-2
 -469.0 4.4969e-2
 -470.0 4.6163e-2
 -471.0 4.8593e-2
 -472.0 4.2456e-2
 -473.0 4.4043e-2
 -474.0 4.3304e-2
 -475.0 4.327e-2
 -476.0 4.3123e-2
 -477.0 4.3279e-2
 -478.0 4.2838e-2
 -479.0 4.2312e-2
 -480.0 4.0602e-2
 -481.0 4.3212e-2
 -482.0 4.2843e-2
 -483.0 4.2944e-2
 -484.0 4.2664e-2
 -485.0 4.6728e-2
 -486.0 4.5698e-2
 -487.0 4.7633e-2
 -488.0 4.7397e-2
 -489.0 4.659e-2
 -490.0 4.8055e-2
 -491.0 5.0077e-2
 -492.0 5.1621e-2
 -493.0 5.0207e-2
 -494.0 5.0452e-2
 -495.0 5.2594e-2
 -496.0 5.3891e-2
 -497.0 5.29e-2
 -498.0 5.8062e-2
 -499.0 6.3781e-2
 -500.0 6.1704e-2
 -501.0 5.9025e-2
 -502.0 6.237e-2
 -503.0 6.7595e-2
 -504.0 6.5828e-2
 -505.0 7.1289e-2
 -506.0 7.1739e-2
 -507.0 6.9746e-2
 -508.0 7.233e-2
 -509.0 8.5467e-2
 -510.0 9.0723e-2
 -511.0 8.737e-2
 -512.0 9.1226e-2
 -513.0 9.0289e-2
 -514.0 9.0484e-2
 -515.0 8.7009e-2
 -516.0 8.3749e-2
 -517.0 8.9964e-2
 -518.0 8.3385e-2
 -519.0 8.3463e-2
 -520.0 8.3731e-2
 -521.0 8.4643e-2
 -522.0 8.2307e-2
 -523.0 8.3783e-2
 -524.0 8.3074e-2
 -525.0 8.1775e-2
 -526.0 7.95e-2
 -527.0 7.6506e-2
 -528.0 7.4106e-2
 -529.0 7.804e-2
 -530.0 7.4524e-2
 -531.0 7.2645e-2
 -532.0 6.9244e-2
 -533.0 6.9219e-2
 -534.0 7.0196e-2
 -535.0 6.8591e-2
 -536.0 6.4631e-2
 -537.0 7.0346e-2
 -538.0 6.9014e-2
 -539.0 6.8579e-2
 -540.0 6.9858e-2
 -541.0 6.688e-2
 -542.0 6.6146e-2
 -543.0 6.678e-2
 -544.0 6.4036e-2
 -545.0 6.4606e-2
 -546.0 6.1691e-2
 -547.0 6.3428e-2
 -548.0 7.5171e-2
 -549.0 7.0086e-2
 -550.0 7.3072e-2
 -551.0 8.4505e-2
 -552.0 9.3951e-2
 -553.0 8.8161e-2
 -554.0 8.326e-2
 -555.0 7.9104e-2
 -556.0 8.6996e-2
 -557.0 8.4848e-2
 -558.0 8.4617e-2
 -559.0 7.7955e-2
 -560.0 8.069e-2
 -561.0 8.0869e-2
 -562.0 8.0502e-2
 -563.0 8.6014e-2
 -564.0 9.1695e-2
 -565.0 9.2815e-2
 -566.0 9.0867e-2
 -567.0 8.451e-2
 -568.0 8.9441e-2
 -569.0 9.0533e-2
 -570.0 9.6578e-2
 -571.0 8.8708e-2
 -572.0 8.2486e-2
 -573.0 8.3438e-2
 -574.0 8.3472e-2
 -575.0 8.5807e-2
 -576.0 8.4213e-2
 -577.0 7.947e-2
 -578.0 8.5537e-2
 -579.0 8.7965e-2
 -580.0 9.6525e-2
 -581.0 8.9739e-2
 -582.0 9.0619e-2
 -583.0 9.1683e-2
 -584.0 9.2321e-2
 -585.0 9.3557e-2
 -586.0 8.9148e-2
 -587.0 8.9979e-2
 -588.0 8.7385e-2
 -589.0 8.9562e-2
 -590.0 9.4367e-2
 -591.0 9.6644e-2
 -592.0 9.7719e-2
 -593.0 9.6357e-2
 -594.0 9.682e-2
 -595.0 8.6449e-2
 -596.0 8.9295e-2
 -597.0 9.0422e-2
 -598.0 8.2098e-2
 -599.0 8.3822e-2
 -600.0 8.1077e-2
 -601.0 8.2998e-2
 -602.0 7.7774e-2
 -603.0 7.6532e-2
 -604.0 7.7335e-2
 -605.0 7.9964e-2
 -606.0 8.0476e-2
 -607.0 7.7993e-2
 -608.0 7.194e-2
 -609.0 6.5199e-2
 -610.0 6.9754e-2
 -611.0 6.677e-2
 -612.0 5.9429e-2
 -613.0 5.9537e-2
 -614.0 5.2052e-2
 -615.0 5.5239e-2
 -616.0 5.8772e-2
 -617.0 5.9787e-2
 -618.0 6.2958e-2
 -619.0 6.1203e-2
 -620.0 5.9466e-2
 -621.0 5.5812e-2
 -622.0 5.9046e-2
 -623.0 5.8664e-2
 -624.0 6.2884e-2
 -625.0 5.9871e-2
 -626.0 5.9474e-2
 -627.0 6.0393e-2
 -628.0 5.9944e-2
 -629.0 6.0152e-2
 -630.0 5.8872e-2
 -631.0 5.7412e-2
 -632.0 5.7763e-2
 -633.0 5.6271e-2
 -634.0 5.668e-2
 -635.0 5.3369e-2
 -636.0 5.1906e-2
 -637.0 5.197e-2
 -638.0 4.7641e-2
 -639.0 5.1981e-2
 -640.0 5.4981e-2
 -641.0 5.2938e-2
 -642.0 5.2561e-2
 -643.0 4.7e-2
 -644.0 4.7519e-2
 -645.0 4.6841e-2
 -646.0 4.7393e-2
 -647.0 5.0731e-2
 -648.0 5.0298e-2
 -649.0 4.9195e-2
 -650.0 4.7113e-2
 -651.0 4.941e-2
 -652.0 4.979e-2
 -653.0 5.0177e-2
 -654.0 4.9439e-2
 -655.0 4.9697e-2
 -656.0 4.9839e-2
 -657.0 4.5825e-2
 -658.0 4.4697e-2
 -659.0 4.4825e-2
 -660.0 4.499e-2
 -661.0 4.4543e-2
 -662.0 4.5362e-2
 -663.0 4.6771e-2
 -664.0 4.5517e-2
 -665.0 4.4437e-2
 -666.0 4.4415e-2
 -667.0 4.6198e-2
 -668.0 4.6719e-2
 -669.0 4.6931e-2
 -670.0 4.651e-2
 -671.0 4.499e-2
 -672.0 4.5452e-2
 -673.0 4.5753e-2
 -674.0 4.6524e-2
 -675.0 4.6799e-2
 -676.0 4.7071e-2
 -677.0 4.9008e-2
 -678.0 5.3292e-2
 -679.0 5.2504e-2
 -680.0 5.234e-2
 -681.0 5.1922e-2
 -682.0 4.9111e-2
 -683.0 4.6264e-2
 -684.0 3.7573e-2
 -685.0 3.9396e-2
 -686.0 3.8229e-2
 -687.0 3.9532e-2
 -688.0 3.8827e-2
 -689.0 3.7486e-2
 -690.0 3.8885e-2
 -691.0 3.8507e-2
 -692.0 3.9445e-2
 -693.0 3.8361e-2
 -694.0 3.9667e-2
 -695.0 3.973e-2
 -696.0 3.9324e-2
 -697.0 4.1672e-2
 -698.0 4.1441e-2
 -699.0 4.2629e-2
 -700.0 4.1661e-2
 -701.0 4.0623e-2
 -702.0 4.0542e-2
 -703.0 4.1325e-2
 -704.0 4.1789e-2
 -705.0 3.9766e-2
 -706.0 3.8741e-2
 -707.0 3.9524e-2
 -708.0 3.8073e-2
 -709.0 3.9225e-2
 -710.0 3.9529e-2
 -711.0 3.928e-2
 -712.0 3.8816e-2
 -713.0 3.6409e-2
 -714.0 3.7685e-2
 -715.0 4.1246e-2
 -716.0 4.0547e-2
 -717.0 4.2335e-2
 -718.0 4.2363e-2
 -719.0 4.3444e-2
 -720.0 4.1967e-2
 -721.0 4.1636e-2
 -722.0 4.2345e-2
 -723.0 4.2599e-2
 -724.0 4.193e-2
 -725.0 4.3236e-2
 -726.0 4.4328e-2
 -727.0 4.4956e-2
 -728.0 4.3637e-2
 -729.0 4.2297e-2
 -730.0 4.2445e-2
 -731.0 4.3958e-2
 -732.0 4.3194e-2
 -733.0 4.3767e-2
 -734.0 4.3492e-2
 -735.0 4.3119e-2
 -736.0 4.3974e-2
 -737.0 4.4172e-2
 -738.0 4.5421e-2
 -739.0 4.3802e-2
 -740.0 4.2542e-2
 -741.0 4.1178e-2
 -742.0 3.8406e-2
 -743.0 3.7148e-2
 -744.0 3.8343e-2
 -745.0 3.5588e-2
 -746.0 3.6048e-2
 -747.0 3.6993e-2
 -748.0 3.9049e-2
 -749.0 3.919e-2
 -750.0 4.1423e-2
 -751.0 4.0425e-2
 -752.0 3.9587e-2
 -753.0 3.8056e-2
 -754.0 3.7917e-2
 -755.0 3.7405e-2
 -756.0 3.7871e-2
 -757.0 3.8317e-2
 -758.0 3.8757e-2
 -759.0 3.8948e-2
 -760.0 3.7483e-2
 -761.0 3.6606e-2
 -762.0 3.6655e-2
 -763.0 3.6723e-2
 -764.0 3.7108e-2
 -765.0 3.6427e-2
 -766.0 3.6653e-2
 -767.0 3.4269e-2
 -768.0 3.18e-2
 -769.0 3.4462e-2
 -770.0 3.3251e-2
 -771.0 3.4004e-2
 -772.0 3.3262e-2
 -773.0 3.4466e-2
 -774.0 3.32e-2
 -775.0 3.4162e-2
 -776.0 3.3728e-2
 -777.0 3.4281e-2
 -778.0 3.31e-2
 -779.0 3.3632e-2
 -780.0 3.4284e-2
 -781.0 3.3594e-2
 -782.0 3.2845e-2
 -783.0 3.3458e-2
 -784.0 3.2751e-2
 -785.0 3.418e-2
 -786.0 3.4595e-2
 -787.0 3.4721e-2
 -788.0 3.7272e-2
 -789.0 3.7047e-2
 -790.0 3.6435e-2
 -791.0 3.6359e-2
 -792.0 3.6874e-2
 -793.0 3.6825e-2
 -794.0 3.769e-2
 -795.0 3.6966e-2
 -796.0 4.166e-2
 -797.0 4.2553e-2
 -798.0 4.1391e-2
 -799.0 4.4978e-2
 -800.0 4.4851e-2
 -801.0 4.1979e-2
 -802.0 4.3873e-2
 -803.0 4.5989e-2
 -804.0 4.5654e-2
 -805.0 4.3334e-2
 -806.0 4.5004e-2
 -807.0 4.3248e-2
 -808.0 4.4581e-2
 -809.0 4.7912e-2
 -810.0 5.2857e-2
 -811.0 5.3514e-2
 -812.0 5.607e-2
 -813.0 5.3793e-2
 -814.0 5.6092e-2
 -815.0 5.5768e-2
 -816.0 5.6979e-2
 -817.0 5.5996e-2
 -818.0 5.9231e-2
 -819.0 5.9757e-2
 -820.0 5.979e-2
 -821.0 5.9944e-2
 -822.0 6.1809e-2
 -823.0 6.0394e-2
 -824.0 6.3228e-2
 -825.0 6.8373e-2
 -826.0 6.8581e-2
 -827.0 7.058e-2
 -828.0 6.3863e-2
 -829.0 6.2654e-2
 -830.0 6.0042e-2
 -831.0 6.2597e-2
 -832.0 5.7645e-2
 -833.0 5.826e-2
 -834.0 5.864e-2
 -835.0 5.8336e-2
 -836.0 6.151e-2
 -837.0 5.896e-2
 -838.0 5.6364e-2
 -839.0 4.9453e-2
 -840.0 4.9685e-2
 -841.0 4.8616e-2
 -842.0 4.7541e-2
 -843.0 4.5932e-2
 -844.0 4.8953e-2
 -845.0 4.8761e-2
 -846.0 4.9004e-2
 -847.0 5.1057e-2
 -848.0 5.1448e-2
 -849.0 4.8945e-2
 -850.0 4.3291e-2
 -851.0 4.1482e-2
 -852.0 4.1495e-2
 -853.0 3.9649e-2
 -854.0 2.3961e-2
 -855.0 2.8437e-2
 -856.0 2.6009e-2
 -857.0 2.712e-2
 -858.0 2.4121e-2
 -859.0 2.5243e-2
 -860.0 2.5336e-2
 -861.0 3.0451e-2
 -862.0 2.9368e-2
 -863.0 2.9414e-2
 -864.0 2.7089e-2
 -865.0 2.9082e-2
 -866.0 3.0163e-2
 -867.0 2.9438e-2
 -868.0 3.0727e-2
 -869.0 2.9301e-2
 -870.0 2.9771e-2
 -871.0 2.8249e-2
 -872.0 2.9873e-2
 -873.0 3.0553e-2
 -874.0 3.0855e-2
 -875.0 3.1984e-2
 -876.0 3.2295e-2
 -877.0 3.2505e-2
 -878.0 3.2003e-2
 -879.0 3.5616e-2
 -880.0 3.5137e-2
 -881.0 3.6314e-2
 -882.0 3.6198e-2
 -883.0 3.3215e-2
 -884.0 3.3354e-2
 -885.0 3.3806e-2
 -886.0 3.3107e-2
 -887.0 3.2974e-2
 -888.0 3.1863e-2
 -889.0 3.4408e-2
 -890.0 3.4573e-2
 -891.0 3.6553e-2
 -892.0 3.5816e-2
 -893.0 3.4177e-2
 -894.0 3.47e-2
 -895.0 3.6559e-2
 -896.0 4.0605e-2
 -897.0 4.1868e-2
 -898.0 4.2408e-2
 -899.0 4.5879e-2
 -900.0 4.6601e-2
 -901.0 4.7195e-2
 -902.0 5.1695e-2
 -903.0 4.7846e-2
 -904.0 5.126e-2
 -905.0 5.1014e-2
 -906.0 4.8929e-2
 -907.0 4.9664e-2
 -908.0 4.9358e-2
 -909.0 4.9767e-2
 -910.0 5.1106e-2
 -911.0 5.2303e-2
 -912.0 5.1736e-2
 -913.0 4.7677e-2
 -914.0 4.8108e-2
 -915.0 5.0421e-2
 -916.0 5.1472e-2
 -917.0 5.089e-2
 -918.0 5.0463e-2
 -919.0 5.0932e-2
 -920.0 5.1343e-2
 -921.0 5.4252e-2
 -922.0 5.6449e-2
 -923.0 5.6875e-2
 -924.0 5.2246e-2
 -925.0 5.5833e-2
 -926.0 5.5322e-2
 -927.0 5.2641e-2
 -928.0 5.4011e-2
 -929.0 5.343e-2
 -930.0 5.5183e-2
 -931.0 6.4559e-2
 -932.0 6.466e-2
 -933.0 7.6958e-2
 -934.0 7.4352e-2
 -935.0 8.1168e-2
 -936.0 7.8456e-2
 -937.0 8.5439e-2
 -938.0 8.9e-2
 -939.0 8.5442e-2
 -940.0 8.6026e-2
 -941.0 8.6654e-2
 -942.0 8.643e-2
 -943.0 8.3407e-2
 -944.0 8.3531e-2
 -945.0 7.536e-2
 -946.0 7.9554e-2
 -947.0 7.9028e-2
 -948.0 7.6748e-2
 -949.0 7.8387e-2
 -950.0 7.9073e-2
 -951.0 8.3445e-2
 -952.0 8.2174e-2
 -953.0 7.9603e-2
 -954.0 7.9339e-2
 -955.0 7.8475e-2
 -956.0 8.361e-2
 -957.0 8.295e-2
 -958.0 8.2583e-2
 -959.0 8.1691e-2
 -960.0 8.0561e-2
 -961.0 7.7679e-2
 -962.0 8.0392e-2
 -963.0 8.387e-2
 -964.0 8.3116e-2
 -965.0 9.5954e-2
 -966.0 9.4326e-2
 -967.0 9.6538e-2
 -968.0 9.9952e-2
 -969.0 9.8211e-2
 -970.0 0.105221
 -971.0 0.117554
 -972.0 0.129908
 -973.0 0.124293
 -974.0 0.118316
 -975.0 0.125214
 -976.0 0.126783
 -977.0 0.124156
 -978.0 0.131963
 -979.0 0.130369
 -980.0 0.125922
 -981.0 0.122486
 -982.0 0.122477
 -983.0 0.123712
 -984.0 0.117924
 -985.0 0.122965
 -986.0 0.123922
 -987.0 0.123773
 -988.0 0.121888
 -989.0 0.143578
 -990.0 0.148108
 -991.0 0.138771
 -992.0 0.148598
 -993.0 0.139879
 -994.0 0.140588
 -995.0 0.138798
 -996.0 0.143573
 -997.0 0.133505
 -998.0 0.137335
 -999.0 0.143018
 -1000.0 0.142695
 -1001.0 0.144048
 -1002.0 0.139155
 -1003.0 0.145781
 -1004.0 0.145244
 -1005.0 0.143855
 -1006.0 0.137436
 -1007.0 0.137398
 -1008.0 0.141245
 -1009.0 0.138338
 -1010.0 0.138303
 -1011.0 0.138471
 -1012.0 0.14092
 -1013.0 0.137427
 -1014.0 0.129275
 -1015.0 0.133642
 -1016.0 0.12376
 -1017.0 0.125276
 -1018.0 0.121595
 -1019.0 0.124488
 -1020.0 0.113292
 -1021.0 0.115285
 -1022.0 0.106824
 -1023.0 0.109453
 -1024.0 0.116712
 -1025.0 0.117437
 -1026.0 0.122688
 -1027.0 0.125411
 -1028.0 0.115613
 -1029.0 9.6154e-2
 -1030.0 0.102445
 -1031.0 8.9923e-2
 -1032.0 9.306e-2
 -1033.0 9.3333e-2
 -1034.0 9.1011e-2
 -1035.0 9.3349e-2
 -1036.0 9.7156e-2
 -1037.0 9.6989e-2
 -1038.0 9.7598e-2
 -1039.0 9.4856e-2
 -1040.0 9.6769e-2
 -1041.0 9.3496e-2
 -1042.0 9.165e-2
 -1043.0 9.4217e-2
 -1044.0 9.1081e-2
 -1045.0 9.1657e-2
 -1046.0 8.9433e-2
 -1047.0 8.0428e-2
 -1048.0 8.1754e-2
 -1049.0 7.6763e-2
 -1050.0 8.2817e-2
 -1051.0 9.6845e-2
 -1052.0 9.5564e-2
 -1053.0 0.101287
 -1054.0 0.100667
 -1055.0 0.101181
 -1056.0 0.101062
 -1057.0 9.7865e-2
 -1058.0 9.2921e-2
 -1059.0 9.3413e-2
 -1060.0 9.6348e-2
 -1061.0 9.7544e-2
 -1062.0 9.2808e-2
 -1063.0 9.38e-2
 -1064.0 9.6152e-2
 -1065.0 0.101925
 -1066.0 0.105025
 -1067.0 0.106538
 -1068.0 0.110034
 -1069.0 0.108852
 -1070.0 0.107297
 -1071.0 0.106635
 -1072.0 0.104064
 -1073.0 0.106104
 -1074.0 0.107388
 -1075.0 0.108677
 -1076.0 0.102494
 -1077.0 0.106187
 -1078.0 0.110572
 -1079.0 0.108083
 -1080.0 0.108075
 -1081.0 0.106351
 -1082.0 0.103097
 -1083.0 0.102827
 -1084.0 9.8977e-2
 -1085.0 9.5376e-2
 -1086.0 9.3369e-2
 -1087.0 9.3056e-2
 -1088.0 9.8197e-2
 -1089.0 9.2143e-2
 -1090.0 9.3434e-2
 -1091.0 9.5369e-2
 -1092.0 9.6994e-2
 -1093.0 0.109105
 -1094.0 0.101379
 -1095.0 0.106621
 -1096.0 0.105325
 -1097.0 0.105805
 -1098.0 0.105965
 -1099.0 0.104525
 -1100.0 0.106391
 -1101.0 0.104202
 -1102.0 0.100531
 -1103.0 0.104008
 -1104.0 0.1096
 -1105.0 0.106403
 -1106.0 0.105866
 -1107.0 0.118226
 -1108.0 0.132945
 -1109.0 0.14476
 -1110.0 0.15351
 -1111.0 0.166323
 -1112.0 0.155162
 -1113.0 0.138281
 -1114.0 0.141028
 -1115.0 0.164791
 -1116.0 0.166639
 -1117.0 0.171308
 -1118.0 0.155983
 -1119.0 0.158557
 -1120.0 0.164212
 -1121.0 0.148241
 -1122.0 0.159668
 -1123.0 0.158867
 -1124.0 0.15413
 -1125.0 0.140928
 -1126.0 0.148165
 -1127.0 0.141994
 -1128.0 0.139449
 -1129.0 0.14446
 -1130.0 0.153964
 -1131.0 0.157992
 -1132.0 0.154305
 -1133.0 0.167589
 -1134.0 0.163483
 -1135.0 0.164988
 -1136.0 0.164714
 -1137.0 0.161988
 -1138.0 0.152656
 -1139.0 0.156179
 -1140.0 0.136394
 -1141.0 0.152883
 -1142.0 0.157564
 -1143.0 0.157824
 -1144.0 0.154422
 -1145.0 0.176735
 -1146.0 0.192164
 -1147.0 0.18404
 -1148.0 0.181397
 -1149.0 0.17535
 -1150.0 0.177423
 -1151.0 0.204995
 -1152.0 0.224762
 -1153.0 0.258314
 -1154.0 0.331898
 -1155.0 0.29998
 -1156.0 0.305597
 -1157.0 0.332973
 -1158.0 0.304895
 -1159.0 0.275466
 -1160.0 0.287003
 -1161.0 0.313609
 -1162.0 0.310396
 -1163.0 0.30253
 -1164.0 0.352444
 -1165.0 0.379852
 -1166.0 0.371428
 -1167.0 0.369137
 -1168.0 0.375394
 -1169.0 0.310209
 -1170.0 0.349577
 -1171.0 0.345643
 -1172.0 0.353881
 -1173.0 0.343886
 -1174.0 0.344234
 -1175.0 0.31308
 -1176.0 0.346129
 -1177.0 0.348131
 -1178.0 0.362619
 -1179.0 0.344898
 -1180.0 0.402033
 -1181.0 0.426247
 -1182.0 0.4414
 -1183.0 0.441051
 -1184.0 0.537874
 -1185.0 0.627886
 -1186.0 0.663238
 -1187.0 0.682511
 -1188.0 0.703516
 -1189.0 0.930318
 -1190.0 0.927741
 -1191.0 0.925587
 -1192.0 0.905719
 -1193.0 0.848419
 -1194.0 0.861012
 -1195.0 0.870951
 -1196.0 0.89092
 -1197.0 0.914119
 -1198.0 0.927649
 -1199.0 1.122958
 -1200.0 1.10052
 -1201.0 1.099151
 -1202.0 0.954709
 -1203.0 1.051657
 -1204.0 1.079116
 -1205.0 1.241105
 -1206.0 1.32486
 -1207.0 1.308059
 -1208.0 1.292388
 -1209.0 1.225582
 -1210.0 1.216593
 -1211.0 1.114868
 -1212.0 1.168523
 -1213.0 1.131012
 -1214.0 1.133367
 -1215.0 1.118053
 -1216.0 1.195161
 -1217.0 1.135003
 -1218.0 1.12479
 -1219.0 1.039144
 -1220.0 1.103314
 -1221.0 1.059154
 -1222.0 1.033539
 -1223.0 1.242953
 -1224.0 1.378673
 -1225.0 1.239006
 -1226.0 1.30217
 -1227.0 1.206541
 -1228.0 1.18914
 -1229.0 1.109874
 -1230.0 1.121552
 -1231.0 1.075002
 -1232.0 1.101574
 -1233.0 1.213969
 -1234.0 1.176577
 -1235.0 1.191124
 -1236.0 1.202541
 -1237.0 1.213317
 -1238.0 1.193264
 -1239.0 1.189244
 -1240.0 1.196509
 -1241.0 1.173277
 -1242.0 1.19142
 -1243.0 1.2143
 -1244.0 1.255354
 -1245.0 1.175149
 -1246.0 1.219436
 -1247.0 1.20354
 -1248.0 1.218758
 -1249.0 1.266735
 -1250.0 1.316127
 -1251.0 1.411786
 -1252.0 1.45542
 -1253.0 1.481588
 -1254.0 1.416949
 -1255.0 1.384869
 -1256.0 1.275501
 -1257.0 1.197959
 -1258.0 1.265934
 -1259.0 1.206735
 -1260.0 1.147017
 -1261.0 1.155702
 -1262.0 1.101355
 -1263.0 1.08825
 -1264.0 1.234019
 -1265.0 1.306927
 -1266.0 1.335666
 -1267.0 1.308014
 -1268.0 1.352449
 -1269.0 1.353071
 -1270.0 1.326812
 -1271.0 1.36203
 -1272.0 1.274111
 -1273.0 1.475529
 -1274.0 1.650124
 -1275.0 1.653453
 -1276.0 1.619554
 -1277.0 1.770562
 -1278.0 1.644696
 -1279.0 1.764077
 -1280.0 1.552775
 -1281.0 1.933668
 -1282.0 2.004796
 -1283.0 2.174027
 -1284.0 2.309113
 -1285.0 2.032226
 -1286.0 2.003662
 -1287.0 1.482521
 -1288.0 1.810469
 -1289.0 1.552277
 -1290.0 1.463622
 -1291.0 1.325436
 -1292.0 1.549485
 -1293.0 1.555369
 -1294.0 1.782702
 -1295.0 1.64596
 -1296.0 1.511987
 -1297.0 1.406232
 -1298.0 1.577279
 -1299.0 1.742778
 -1300.0 1.734753
 -1301.0 1.752824
 -1302.0 1.840471
 -1303.0 1.710908
 -1304.0 1.659009
 -1305.0 1.678248
 -1306.0 1.564106
 -1307.0 1.58803
 -1308.0 1.624826
 -1309.0 1.531857
 -1310.0 1.436378
 -1311.0 1.48022
 -1312.0 1.558359
 -1313.0 1.57511
 -1314.0 1.597756
 -1315.0 1.482573
 -1316.0 1.482194
 -1317.0 1.415396
 -1318.0 1.39057
 -1319.0 1.429188
 -1320.0 1.17748
 -1321.0 1.153254
 -1322.0 1.252896
 -1323.0 1.356087
 -1324.0 1.256478
 -1325.0 1.25044
 -1326.0 1.335202
 -1327.0 1.324752
 -1328.0 1.368437
 -1329.0 1.383472
 -1330.0 1.335611
 -1331.0 1.394397
 -1332.0 1.406836
 -1333.0 1.458184
 -1334.0 1.404898
 -1335.0 1.418053
 -1336.0 1.403118
 -1337.0 1.330146
 -1338.0 1.349474
 -1339.0 1.336085
 -1340.0 1.348145
 -1341.0 1.315099
 -1342.0 1.265083
 -1343.0 1.262258
 -1344.0 1.223192
 -1345.0 1.173715
 -1346.0 1.172302
 -1347.0 1.183698
 -1348.0 1.121116
 -1349.0 1.056291
 -1350.0 1.168098
 -1351.0 1.186161
 -1352.0 1.206307
 -1353.0 1.233497
 -1354.0 1.228501
 -1355.0 1.258493
 -1356.0 1.278446
 -1357.0 1.283504
 -1358.0 1.284084
 -1359.0 1.308952
 -1360.0 1.322345
 -1361.0 1.31773
 -1362.0 1.310068
 -1363.0 1.365026
 -1364.0 1.376564
 -1365.0 1.386145
 -1366.0 1.401786
 -1367.0 1.470677
 -1368.0 1.42783
 -1369.0 1.47764
 -1370.0 1.672566
 -1371.0 1.798038
 -1372.0 1.823878
 -1373.0 2.136079
 -1374.0 2.191687
 -1375.0 2.169153
 -1376.0 2.079417
 -1377.0 1.926601
 -1378.0 2.10856
 -1379.0 2.42814
 -1380.0 2.457702
 -1381.0 2.435435
 -1382.0 2.713725
 -1383.0 2.917386
 -1384.0 2.721091
 -1385.0 2.738132
 -1386.0 2.535528
 -1387.0 2.944197
 -1388.0 2.84749
 -1389.0 2.855986
 -1390.0 2.73316
 -1391.0 2.772475
 -1392.0 2.870767
 -1393.0 2.9634