 0.0 0.0
 -1.0 -4.083531043249779e-2
 -2.0 -1.6065302747533067e-2
 -3.0 -4.059789447434864e-2
 -4.0 -6.776292059596326e-2
 -5.0 -7.134267513176819e-2
 -6.0 -6.0991761220950805e-2
 -7.0 -6.804346047938335e-2
 -8.0 -6.326982944721922e-2
 -9.0 -8.064291210242493e-2
 -10.0 -9.661681087791639e-2
 -11.0 -8.516858056428121e-2
 -12.0 -6.080778143107212e-2
 -13.0 -7.584115677117106e-2
 -14.0 -7.425096202680573e-2
 -15.0 -7.212124947823563e-2
 -16.0 -7.395471940972718e-2
 -17.0 -8.875138189915421e-2
 -18.0 -6.79110419045025e-2
 -19.0 -4.809583261167163e-2
 -20.0 -6.0938090683521226e-2
 -21.0 -5.209088929736826e-2
 -22.0 -5.5118470094378105e-2
 -23.0 -6.363567970454484e-2
 -24.0 -6.645842185651779e-2
 -25.0 -7.247092826358466e-2
 -26.0 -7.698323768337333e-2
 -27.0 -7.92345878255065e-2
 -28.0 -8.112266577106397e-2
 -29.0 -8.121524158890099e-2
 -30.0 -9.70335192427626e-2
 -31.0 -0.10213362651352671
 -32.0 -9.66721219994595e-2
 -33.0 -9.387000433348572e-2
 -34.0 -8.951401914280414e-2
 -35.0 -9.170912068675785e-2
 -36.0 -8.248247563205259e-2
 -37.0 -7.923200976475663e-2
 -38.0 -6.993200716325897e-2
 -39.0 -7.654496735589167e-2
 -40.0 -8.716142152394793e-2
 -41.0 -8.018682971885309e-2
 -42.0 -7.316512971278293e-2
 -43.0 -7.922216626007522e-2
 -44.0 -9.421663631976669e-2
 -45.0 -8.20753764027287e-2
 -46.0 -8.853224673541336e-2
 -47.0 -8.438906874117745e-2
 -48.0 -8.809913252943148e-2
 -49.0 -8.710071991174592e-2
 -50.0 -8.510436341469299e-2
 -51.0 -8.930214942299482e-2
 -52.0 -8.755070869718166e-2
 -53.0 -9.055672753155602e-2
 -54.0 -8.541185575140743e-2
 -55.0 -8.525295346155043e-2
 -56.0 -6.79433848484557e-2
 -57.0 -7.701628373480378e-2
 -58.0 -7.839085885281452e-2
 -59.0 -6.626577040775308e-2
 -60.0 -6.868235080703847e-2
 -61.0 -7.176078971156889e-2
 -62.0 -8.843029615121309e-2
 -63.0 -8.371314808638752e-2
 -64.0 -8.01802673823988e-2
 -65.0 -8.530498341486645e-2
 -66.0 -8.915754365184178e-2
 -67.0 -8.56567715226472e-2
 -68.0 -8.659752932719877e-2
 -69.0 -7.73647906743574e-2
 -70.0 -6.251141084843273e-2
 -71.0 -7.205984475855638e-2
 -72.0 -6.513236115443684e-2
 -73.0 -5.254697168094011e-2
 -74.0 -5.689475395105387e-2
 -75.0 -5.016906219290314e-2
 -76.0 -5.574704817903365e-2
 -77.0 -4.9196430182716515e-2
 -78.0 -5.566408149671894e-2
 -79.0 -3.5755124540255596e-2
 -80.0 -2.3108799085397768e-2
 -81.0 -2.131821871001807e-2
 -82.0 -2.7752120865112802e-2
 -83.0 -4.003845529162201e-2
 -84.0 -4.288041571463959e-2
 -85.0 -4.000259681028261e-2
 -86.0 -6.079301617405003e-2
 -87.0 -5.698592355393642e-2
 -88.0 -4.6406499713014936e-2
 -89.0 -3.617277038173813e-2
 -90.0 -2.2874664295475744e-2
 -91.0 -8.78743725058725e-3
 -92.0 -6.194376874513819e-3
 -93.0 1.5389147723584073e-2
 -94.0 5.26580626623446e-2
 -95.0 4.617564609132006e-2
 -96.0 7.93442725919565e-2
 -97.0 -1.842446270284356e-2
 -98.0 6.277109187669463e-3
 -99.0 3.639518671370615e-3
 -100.0 -7.196305029585586e-3
 -101.0 -1.8272591487759e-2
 -102.0 6.119847481926041e-3
 -103.0 2.1804065976793238e-2
 -104.0 2.315332922562321e-2
 -105.0 1.0380678794020678e-2
 -106.0 7.05847252712999e-2
 -107.0 0.14391578834871224
 -108.0 0.1939596974106661
 -109.0 0.19523255631363562
 -110.0 0.16575407222273128
 -111.0 0.1724378119014065
 -112.0 0.1376037581563397
 -113.0 0.1348925757240894
 -114.0 0.1855631879174261
 -115.0 0.19957869799963576
 -116.0 0.21575673231268688
 -117.0 0.18831468184503838
 -118.0 0.2942021991795673
 -119.0 0.26597360581404256
 -120.0 0.3568436849112901
 -121.0 0.40174951889870864
 -122.0 0.5110979656053883
 -123.0 0.5513218069018435
 -124.0 0.6606156455944573
 -125.0 0.6573860385823196
 -126.0 0.57615767232051
 -127.0 0.5232856306159244
 -128.0 0.5705949203297198
 -129.0 0.5033204250612816
 -130.0 0.5575459486595606
 -131.0 0.45654807509094103
 -132.0 0.5290211126769575
 -133.0 0.4670072675532539
 -134.0 0.4851047852791793
 -135.0 0.5557776333542936
 -136.0 0.5610638297373681
 -137.0 0.5422824228052441
 -138.0 0.6110756302245278
 -139.0 0.5845180889632515
 -140.0 0.7172490779331357
 -141.0 0.7072687016628256
 -142.0 0.8167223801219328
 -143.0 0.8978663734864731
 -144.0 0.7953228353137134
 -145.0 0.7531260744361136
 -146.0 0.6038019833724456
 -147.0 0.6081270318341284
 -148.0 0.3859736620626407
 -149.0 0.5003755765774274
 -150.0 0.46345891848476584
 -151.0 0.3557543370598811
 -152.0 0.629357127740332
 -153.0 0.5903250536178043
 -154.0 0.5803856919503333
 -155.0 0.5581749954825344
 -156.0 0.5331394475403308
 -157.0 0.5432862259135884
 -158.0 0.46594159098691207
 -159.0 0.3736652969351779
 -160.0 0.4548683513278067
 -161.0 0.5055075580538265
 -162.0 0.48698091039762353
 -163.0 0.4499533956927167
 -164.0 0.42923656824490075
 -165.0 0.4604100100942796
 -166.0 0.44195062638673294
 -167.0 0.5113140539700611
 -168.0 0.5244145868552181
 -169.0 0.5117799798583144
 -170.0 0.5160558107965902
 -171.0 0.4700564103128992
 -172.0 0.4676552982781131
 -173.0 0.45627503502061156
 -174.0 0.44763900024679065
 -175.0 0.39257513816647843
 -176.0 0.3741115358140683
 -177.0 0.36677390618155686
 -178.0 0.39997206319623746
 -179.0 0.2871481562295439
 -180.0 0.3142285750847303
 -181.0 0.3314368962211019
 -182.0 0.37236689179386845
 -183.0 0.341015563752747
 -184.0 0.34581731908400093
 -185.0 0.3834321629015651
 -186.0 0.34073900814503133
 -187.0 0.3195813323089838
 -188.0 0.30828497321043324
 -189.0 0.28085206313998884
 -190.0 0.2931463661179069
 -191.0 0.2960581685503306
 -192.0 0.2594527527009287
 -193.0 0.21974874219931545
 -194.0 0.22014857598470783
 -195.0 0.2354470228437276
 -196.0 0.23647402849882096
 -197.0 0.22517579444699776
 -198.0 0.19602753650123872
 -199.0 0.1721235228590787
 -200.0 0.1779279094528816
 -201.0 0.12632474237556113
 -202.0 0.11200080248000069
 -203.0 0.11490698005260648
 -204.0 0.13819483717554223
 -205.0 0.1520554292435993
 -206.0 0.12257928884428584
 -207.0 0.10808636878502793
 -208.0 0.10340390735574637
 -209.0 0.10644203476491486
 -210.0 0.22562390827916085
 -211.0 0.2533319677423663
 -212.0 0.2825423335152818
 -213.0 0.25255573708748974
 -214.0 0.3039610965945458
 -215.0 0.246338626404545
 -216.0 0.2222016498182584
 -217.0 0.2507135954971122
 -218.0 0.22639170164431058
 -219.0 0.2559733081652105
 -220.0 0.30568792855865545
 -221.0 0.29322558289367623
 -222.0 0.272799841941439
 -223.0 0.26383287791499566
 -224.0 0.2681975347645632
 -225.0 0.3354176563880946
 -226.0 0.27978779278860155
 -227.0 0.31061483702085857
 -228.0 0.3086437923929864
 -229.0 0.30912823344480705
 -230.0 0.2231154551695157
 -231.0 0.21254821852486644
 -232.0 0.21981038128815383
 -233.0 0.2259555406392606
 -234.0 0.23808086345348106
 -235.0 0.24028791782454792
 -236.0 0.2728870272686172
 -237.0 0.2693644588076281
 -238.0 0.21208041768334052
 -239.0 0.24086587217084196
 -240.0 0.21168105263626633
 -241.0 0.20627274992131053
 -242.0 0.1674094215933212
 -243.0 0.166695064396442
 -244.0 0.1460347199159646
 -245.0 0.11566844545046104
 -246.0 0.12652606548321177
 -247.0 0.1439968800777543
 -248.0 0.15013500835408863
 -249.0 0.1897492554677739
 -250.0 0.19512263717802655
 -251.0 0.17052231276423654
