 0.0 0.6382472799999999
 -1.0 0.6309848599999999
 -2.0 0.62684892
 -3.0 0.6207486799999999
 -4.0 0.61648542
 -5.0 0.61497934
 -6.0 0.6137923
 -7.0 0.61319908
 -8.0 0.6124333800000001
 -9.0 0.6111430200000001
 -10.0 0.6123699
 -11.0 0.6147537000000001
 -12.0 0.6158978600000001
 -13.0 0.6135406800000002
 -14.0 0.6128689200000002
 -15.0 0.6123629400000001
 -16.0 0.6112379000000001
 -17.0 0.6099405600000002
 -18.0 0.6102046400000002
 -19.0 0.6086100200000001
 -20.0 0.6061123400000001
 -21.0 0.6059780800000002
 -22.0 0.6042740200000002
 -23.0 0.6034194800000001
 -24.0 0.6043657400000001
 -25.0 0.6051818600000002
 -26.0 0.6070850000000001
 -27.0 0.6088972000000001
 -28.0 0.6114605200000002
 -29.0 0.61363304
 -30.0 0.6175124000000001
 -31.0 0.6238208000000001
 -32.0 0.6307172200000001
 -33.0 0.63659854
 -34.0 0.6411922800000001
 -35.0 0.64517178
 -36.0 0.6495841800000001
 -37.0 0.6514350600000001
 -38.0 0.6533334399999999
 -39.0 0.655341
 -40.0 0.65878618
 -41.0 0.6642721200000001
 -42.0 0.67036502
 -43.0 0.67608
 -44.0 0.6841537
 -45.0 0.6966873199999999
 -46.0 0.70763168
 -47.0 0.7219574999999999
 -48.0 0.7275866199999999
 -49.0 0.7356402599999999
 -50.0 0.7433836199999999
 -51.0 0.75003194
 -52.0 0.7560932799999999
 -53.0 0.7640866999999999
 -54.0 0.77367506
 -55.0 0.7829395199999999
 -56.0 0.7911004599999998
 -57.0 0.8029218199999998
 -58.0 0.8217751599999997
 -59.0 0.8450163199999997
 -60.0 0.8673313999999998
 -61.0 0.8873371399999996
 -62.0 0.9081759399999999
 -63.0 0.9274646599999999
 -64.0 0.94611948
 -65.0 0.96879682
 -66.0 0.9931074999999998
 -67.0 1.0191275
 -68.0 1.0425069799999997
 -69.0 1.0750027
 -70.0 1.1043016399999999
 -71.0 1.1400875000000001
 -72.0 1.18052024
 -73.0 1.22969312
 -74.0 1.2812245400000004
 -75.0 1.3424536200000003
 -76.0 1.4028331600000004
 -77.0 1.4567570400000005
 -78.0 1.5056100600000002
 -79.0 1.5590521600000002
 -80.0 1.60505442
 -81.0 1.6546048600000003
 -82.0 1.6953838
 -83.0 1.7428963000000004
 -84.0 1.78616528
 -85.0 1.8312211400000005
 -86.0 1.8820623200000002
 -87.0 1.9351287600000004
 -88.0 1.9862676000000001
 -89.0 2.04237414
 -90.0 2.09534108
 -91.0 2.15849988
 -92.0 2.21960486
 -93.0 2.2898288399999998
 -94.0 2.36513544
 -95.0 2.42851108
 -96.0 2.48883902
 -97.0 2.53359386
 -98.0 2.5870609199999994
 -99.0 2.6194624999999996
 -100.0 2.6618516999999993
 -101.0 2.7020152799999995
 -102.0 2.7339330399999993
 -103.0 2.78711728
 -104.0 2.83563228
 -105.0 2.8831839599999993
 -106.0 2.92993024
 -107.0 2.96940256
 -108.0 3.0034830200000004
 -109.0 3.0266927200000002
 -110.0 3.04191936
 -111.0 3.06659106
 -112.0 3.09501372
 -113.0 3.12482798
 -114.0 3.1517138399999998
 -115.0 3.1725078200000003
 -116.0 3.1947659799999997
 -117.0 3.21406834
 -118.0 3.24163164
 -119.0 3.26127692
 -120.0 3.2822529199999995
 -121.0 3.29583936
 -122.0 3.30166836
 -123.0 3.29796116
 -124.0 3.2898503
 -125.0 3.2716758400000003
 -126.0 3.2490780800000003
 -127.0 3.2318363800000003
 -128.0 3.2184803800000004
 -129.0 3.2039202000000007
 -130.0 3.185473040000001
 -131.0 3.1647094400000015
 -132.0 3.1540330200000013
 -133.0 3.140664860000001
 -134.0 3.129913300000001
 -135.0 3.118027140000001
 -136.0 3.103319960000001
 -137.0 3.084518440000001
 -138.0 3.0655141400000008
 -139.0 3.0396753600000013
 -140.0 3.0137618800000006
 -141.0 2.9775708800000005
 -142.0 2.942480040000001
 -143.0 2.894925180000001
 -144.0 2.837057700000001
 -145.0 2.7879749400000007
 -146.0 2.7437985600000006
 -147.0 2.712452460000001
 -148.0 2.679773140000001
 -149.0 2.6635640000000005
 -150.0 2.635552460000001
 -151.0 2.6111865400000003
 -152.0 2.5916080600000004
 -153.0 2.547459220000001
 -154.0 2.5068892000000007
 -155.0 2.4691546400000006
 -156.0 2.434498240000001
 -157.0 2.3994629000000005
 -158.0 2.3623249200000007
 -159.0 2.331387600000001
 -160.0 2.308583980000001
 -161.0 2.2890213000000013
 -162.0 2.267501780000001
 -163.0 2.2500559200000008
 -164.0 2.2332109000000004
 -165.0 2.222520460000001
 -166.0 2.204252580000001
 -167.0 2.185500200000001
 -168.0 2.1632617400000007
 -169.0 2.1378298200000008
 -170.0 2.1160004400000005
 -171.0 2.0980486000000003
 -172.0 2.08295866
 -173.0 2.0663305800000002
 -174.0 2.0499084400000003
 -175.0 2.0345957199999996
 -176.0 2.02971816
 -177.0 2.0216689999999997
 -178.0 2.0168766399999996
 -179.0 2.0090830999999993
 -180.0 2.0109587799999993
 -181.0 2.0031835999999994
 -182.0 1.9930381799999999
 -183.0 1.9800196999999997
 -184.0 1.970201
 -185.0 1.9610072600000001
 -186.0 1.94879198
 -187.0 1.9430018000000002
 -188.0 1.9387165200000005
 -189.0 1.9305068600000002
 -190.0 1.9270946200000003
 -191.0 1.9201427400000002
 -192.0 1.9124808600000003
 -193.0 1.9046263
 -194.0 1.9000989400000003
 -195.0 1.8937744
 -196.0 1.8835530400000002
 -197.0 1.8741705800000004
 -198.0 1.86724314
 -199.0 1.8633268799999998
 -200.0 1.86483098
 -201.0 1.8662983
 -202.0 1.87006992
 -203.0 1.8754672
 -204.0 1.8800135
 -205.0 1.8804710199999999
 -206.0 1.87931252
 -207.0 1.8796368
 -208.0 1.87550596
 -209.0 1.8749090200000003
 -210.0 1.8757127200000001
 -211.0 1.86392268
 -212.0 1.8493442399999998
 -213.0 1.8365259800000002
 -214.0 1.82943984
 -215.0 1.81518924
 -216.0 1.8053647000000002
 -217.0 1.80422362
 -218.0 1.7997932799999998
 -219.0 1.8046879999999998
 -220.0 1.8135252599999996
 -221.0 1.8115625
 -222.0 1.8061032199999993
 -223.0 1.8112575399999995
 -224.0 1.8341198999999992
 -225.0 1.8599196999999992
 -226.0 1.8815978199999992
 -227.0 1.9008627199999992
 -228.0 1.9276031399999993
 -229.0 1.95251944
 -230.0 1.97268204
 -231.0 1.9996245200000005
 -232.0 2.03140664
 -233.0 2.0699907200000003
 -234.0 2.107597920000001
 -235.0 2.1410974200000004
 -236.0 2.1760428200000006
 -237.0 2.1935455200000002
 -238.0 2.2184626800000005
 -239.0 2.2514258600000003
 -240.0 2.2845386000000003
 -241.0 2.3214532400000003
 -242.0 2.3657767800000005
 -243.0 2.40628148
 -244.0 2.4494768400000004
 -245.0 2.4946873400000005
 -246.0 2.5502811600000004
 -247.0 2.6057458000000002
 -248.0 2.66666872
 -249.0 2.74018596
 -250.0 2.81929234
 -251.0 2.9121416799999995
 -252.0 3.0122034
 -253.0 3.10044354
 -254.0 3.20107978
 -255.0 3.3274732600000005
 -256.0 3.45297082
 -257.0 3.60460938
 -258.0 3.76480258
 -259.0 3.922494660000001
 -260.0 4.068235700000001
 -261.0 4.21652886
 -262.0 4.367702800000001
 -263.0 4.5033464400000005
 -264.0 4.634311080000001
 -265.0 4.78321098
 -266.0 4.98230608
 -267.0 5.14551768
 -268.0 5.3312424400000005
 -269.0 5.5771031
 -270.0 5.83143192
 -271.0 6.134341740000001
 -272.0 6.372077680000001
 -273.0 6.596381600000001
 -274.0 6.796007220000002
 -275.0 6.99008452
 -276.0 7.21987406
 -277.0 7.436890679999999
 -278.0 7.646934539999998
 -279.0 7.838618559999999
 -280.0 8.025264139999997
 -281.0 8.220990079999998
 -282.0 8.429603619999998
 -283.0 8.625284599999997
 -284.0 8.846300519999998
 -285.0 9.058084879999997
 -286.0 9.303458899999999
 -287.0 9.534691019999999
 -288.0 9.773942499999999
 -289.0 9.994025579999997
 -290.0 10.205070599999997
 -291.0 10.403526439999998
 -292.0 10.606983499999998
 -293.0 10.817772259999996
 -294.0 11.025426739999999
 -295.0 11.232972839999997
 -296.0 11.435131439999997
 -297.0 11.648234420000001
 -298.0 11.840099
 -299.0 12.0079748
 -300.0 12.154156700000001
 -301.0 12.32122382
 -302.0 12.51775586
 -303.0 12.755864380000002
 -304.0 12.998951300000002
 -305.0 13.2259648
 -306.0 13.45893352
 -307.0 13.659187280000001
 -308.0 13.8710847
 -309.0 14.13719
 -310.0 14.443767360000004
 -311.0 14.728675100000002
 -312.0 15.050583240000003
 -313.0 15.414187520000002
 -314.0 15.790415720000004
 -315.0 16.166372180000003
 -316.0 16.473887200000004
 -317.0 16.83247172
 -318.0 17.181003920000002
 -319.0 17.44061928
 -320.0 17.666090739999998
 -321.0 17.87640286
 -322.0 18.1080299
 -323.0 18.33826856
 -324.0 18.720303539999996
 -325.0 19.092036519999997
 -326.0 19.42832584
 -327.0 19.799408259999996
 -328.0 20.294691659999998
 -329.0 20.7723004
 -330.0 21.334837859999997
 -331.0 22.021461220000003
 -332.0 22.623436920000003
 -333.0 23.216173200000004
 -334.0 23.815766680000003
 -335.0 24.38035582
 -336.0 24.919630259999998
 -337.0 25.618747859999996
 -338.0 26.250391539999995
 -339.0 26.878899999999994
 -340.0 27.449757899999994
 -341.0 28.075773959999992
 -342.0 28.660483439999993
 -343.0 29.238983299999994
 -344.0 29.866117999999997
 -345.0 30.468482299999987
 -346.0 31.040030859999987
 -347.0 31.633194379999992
 -348.0 32.19824395999999
 -349.0 32.74497503999999
 -350.0 33.33883064
 -351.0 33.91246837999999
 -352.0 34.52631852
 -353.0 35.10325796
 -354.0 35.84438099999999
 -355.0 36.161846139999994
 -356.0 36.66739651999999
 -357.0 37.06195549999999
 -358.0 37.29206267999999
 -359.0 37.33479207999999
 -360.0 37.479237039999994
 -361.0 37.61949293999999
 -362.0 37.831146379999986
 -363.0 37.97327657999999
 -364.0 38.013382359999994
 -365.0 38.00534528
 -366.0 38.04057037999999
 -367.0 38.1382575
 -368.0 38.18772024
 -369.0 38.31813553999999
 -370.0 38.57805141999999
 -371.0 38.76998654
 -372.0 39.05374721999999
 -373.0 39.39791725999999
 -374.0 39.51710557999999
 -375.0 39.71394395999998
 -376.0 39.919178399999986
 -377.0 40.09089105999998
 -378.0 40.034217539999986
 -379.0 40.023482919999985
 -380.0 39.98414529999998
 -381.0 39.811053879999974
 -382.0 39.75459649999998
 -383.0 39.68388879999998
 -384.0 39.57266091999998
 -385.0 39.45642601999998
 -386.0 39.304374719999984
 -387.0 39.02065455999999
 -388.0 38.61598281999999
 -389.0 38.23274615999999
 -390.0 37.97913275999999
 -391.0 37.70428191999999
 -392.0 37.40914561999999
 -393.0 37.14030234
 -394.0 36.86765956
 -395.0 36.63961124
 -396.0 36.4587546
 -397.0 36.2783333
 -398.0 36.097267779999996
 -399.0 35.95772036
 -400.0 35.7929394
 -401.0 35.609925239999995
 -402.0 35.32560044
 -403.0 35.0737191
 -404.0 34.68732728
 -405.0 34.649258200000006
 -406.0 34.419696200000004
 -407.0 34.27921208
 -408.0 34.29645726
 -409.0 34.419644059999996
 -410.0 34.37639642
 -411.0 34.40207486
 -412.0 34.26032051999999
 -413.0 34.11602886
 -414.0 34.0696767
 -415.0 34.05718646
 -416.0 33.97408482
 -417.0 33.78755099999999
 -418.0 33.70030738
 -419.0 33.57522266
 -420.0 33.35608216
 -421.0 33.181833160000004
 -422.0 32.95350064
 -423.0 32.67346598
 -424.0 32.469525860000005
 -425.0 32.195477780000004
 -426.0 31.980465000000002
 -427.0 31.806370379999997
 -428.0 31.821994919999998
 -429.0 31.778248339999994
 -430.0 31.66728804
 -431.0 31.572955759999992
 -432.0 31.46515531999999
 -433.0 31.418185719999993
 -434.0 31.42181593999999
 -435.0 31.476909479999986
 -436.0 31.523317239999994
 -437.0 31.592232639999985
 -438.0 31.871880579999992
 -439.0 32.17132573999999
 -440.0 32.39233521999999
 -441.0 32.666604559999996
 -442.0 32.974884319999994
 -443.0 33.455530419999995
 -444.0 34.06559188
 -445.0 34.691250460000006
 -446.0 35.46478066
 -447.0 36.20880472000001
 -448.0 37.11521638000001
 -449.0 37.909930960000004
 -450.0 38.676432960000014
 -451.0 39.50438172000001
 -452.0 40.25810806000001
 -453.0 41.011756680000005
 -454.0 41.78625344000001
 -455.0 42.88391854000001
 -456.0 44.15268900000001
 -457.0 45.40630956000001
 -458.0 46.97364888000001
 -459.0 48.52636258000001
 -460.0 50.164598900000016
 -461.0 52.10102662
 -462.0 54.463645680000006
 -463.0 56.718506880000014
 -464.0 59.025491060000014
 -465.0 61.77807128000002
 -466.0 64.75209826000003
 -467.0 68.10313510000002
 -468.0 71.33458954000001
 -469.0 74.37785258
 -470.0 77.38493245999999
 -471.0 80.30163261999999
 -472.0 83.12364808000001
 -473.0 85.71941158
 -474.0 88.34045275999999
 -475.0 90.83362573999999
 -476.0 93.15986425999999
 -477.0 95.89566976
 -478.0 98.20945737999996
 -479.0 100.16705938
 -480.0 101.98161886
 -481.0 104.26017514000002
 -482.0 106.53997404000002
 -483.0 108.5807842
 -484.0 110.51544066000001
 -485.0 112.44135861999999
 -486.0 114.42245061999998
 -487.0 116.27783925999996
 -488.0 118.17207243999998
 -489.0 120.15857107999996
 -490.0 122.57023131999996
 -491.0 125.05420165999996
 -492.0 127.62372779999995
 -493.0 129.88346298
 -494.0 131.91713025999996
 -495.0 133.71507092
 -496.0 135.34982846
 -497.0 137.07366038
 -498.0 138.63568476
 -499.0 140.12153468
 -500.0 141.56261912
 -501.0 143.10320080000002
 -502.0 144.6533035
 -503.0 146.20940821999997
 -504.0 147.95500819999998
 -505.0 149.34404489999997
 -506.0 150.60485758
 -507.