 0.0 0.3265167649999999
 -1.0 0.3272304149999999
 -2.0 0.3281107699999999
 -3.0 0.3290292999999999
 -4.0 0.33003548499999996
 -5.0 0.33101897999999985
 -6.0 0.33202653999999987
 -7.0 0.3330350849999999
 -8.0 0.3339672449999999
 -9.0 0.3349407149999999
 -10.0 0.3358874749999999
 -11.0 0.3368026499999999
 -12.0 0.3376815349999999
 -13.0 0.3385503399999999
 -14.0 0.3392919349999999
 -15.0 0.3400611149999999
 -16.0 0.34075212999999993
 -17.0 0.3414019349999999
 -18.0 0.34208215
 -19.0 0.3426429199999999
 -20.0 0.3428590099999999
 -21.0 0.3432173199999998
 -22.0 0.3434384899999998
 -23.0 0.3436176549999999
 -24.0 0.3437658249999999
 -25.0 0.3438995699999999
 -26.0 0.3439194149999999
 -27.0 0.3439713149999998
 -28.0 0.3440456349999998
 -29.0 0.34419447499999983
 -30.0 0.3442476449999998
 -31.0 0.3442868199999997
 -32.0 0.34433201499999977
 -33.0 0.34435369999999976
 -34.0 0.34437259999999975
 -35.0 0.34441223499999973
 -36.0 0.3439998599999997
 -37.0 0.3436857999999997
 -38.0 0.3424172749999997
 -39.0 0.34059682499999966
 -40.0 0.33873625499999965
 -41.0 0.33683175499999973
 -42.0 0.33512794499999976
 -43.0 0.3334385449999997
 -44.0 0.3320467549999998
 -45.0 0.3306340349999999
 -46.0 0.32931979499999975
 -47.0 0.3279274149999998
 -48.0 0.3264705499999998
 -49.0 0.3251109799999999
 -50.0 0.32385306499999983
 -51.0 0.3220608949999999
 -52.0 0.3197615699999999
 -53.0 0.31706743999999987
 -54.0 0.31423502999999986
 -55.0 0.3111402799999999
 -56.0 0.3065933649999999
 -57.0 0.30184290499999994
 -58.0 0.29771096999999996
 -59.0 0.293438875
 -60.0 0.2892201
 -61.0 0.28555279
 -62.0 0.2822959750000001
 -63.0 0.2791469350000001
 -64.0 0.2764753100000001
 -65.0 0.27270425500000006
 -66.0 0.26898814000000004
 -67.0 0.26563653500000006
 -68.0 0.262394875
 -69.0 0.259900145
 -70.0 0.25741324000000004
 -71.0 0.25476679
 -72.0 0.25214119
 -73.0 0.2491724
 -74.0 0.24672412
 -75.0 0.244453605
 -76.0 0.24220044999999996
 -77.0 0.23965425999999992
 -78.0 0.2369813349999999
 -79.0 0.2343377349999999
 -80.0 0.23172876999999986
 -81.0 0.22885399499999992
 -82.0 0.2262874099999999
 -83.0 0.22412676999999992
 -84.0 0.22204237999999993
 -85.0 0.22040283999999993
 -86.0 0.21892518499999994
 -87.0 0.21718174999999992
 -88.0 0.2157474999999999
 -89.0 0.2145810299999999
 -90.0 0.21320367499999993
 -91.0 0.21196812999999992
 -92.0 0.21068652999999993
 -93.0 0.20925591999999996
 -94.0 0.20775390499999993
 -95.0 0.20640785999999992
 -96.0 0.20499726499999998
 -97.0 0.20366482999999996
 -98.0 0.20220244999999998
 -99.0 0.20067364499999996
 -100.0 0.19918092
 -101.0 0.19751934999999995
 -102.0 0.19603459
 -103.0 0.19449714499999998
 -104.0 0.19299442499999997
 -105.0 0.19155543499999994
 -106.0 0.19023361999999996
 -107.0 0.18885989499999994
 -108.0 0.1875787899999999
 -109.0 0.18620776999999988
 -110.0 0.18485733499999987
 -111.0 0.18352626499999988
 -112.0 0.1823131749999999
 -113.0 0.18111068499999994
 -114.0 0.17999031499999993
 -115.0 0.17886653499999997
 -116.0 0.17777006499999998
 -117.0 0.17671998500000005
 -118.0 0.17570916500000006
 -119.0 0.17492153000000005
 -120.0 0.17422658500000004
 -121.0 0.17352069000000006
 -122.0 0.17286870500000007
 -123.0 0.17218122000000008
 -124.0 0.17148277000000012
 -125.0 0.17079067000000006
 -126.0 0.17021883500000004
 -127.0 0.169712635
 -128.0 0.16923086999999995
 -129.0 0.16886099999999998
 -130.0 0.16848674500000005
 -131.0 0.16791346000000004
 -132.0 0.16729524000000004
 -133.0 0.166652585
 -134.0 0.16606821500000002
 -135.0 0.16555370500000002
 -136.0 0.16503109499999996
 -137.0 0.164462765
 -138.0 0.16398980499999996
 -139.0 0.16358069
 -140.0 0.163136865
 -141.0 0.1627764
 -142.0 0.162419425
 -143.0 0.16202686999999993
 -144.0 0.16164868499999993
 -145.0 0.16124593999999995
 -146.0 0.16076541499999994
 -147.0 0.16036799999999996
 -148.0 0.16000308999999993
 -149.0 0.15965454999999995
 -150.0 0.159282185
 -151.0 0.15886848499999998
 -152.0 0.15847151999999998
 -153.0 0.15805421499999997
 -154.0 0.15758989999999995
 -155.0 0.15687686999999997
 -156.0 0.15622244499999996
 -157.0 0.15556670499999997
 -158.0 0.15481408999999993
 -159.0 0.15389377999999995
 -160.0 0.1530325549999999
 -161.0 0.15211199499999994
 -162.0 0.15113094499999996
 -163.0 0.15002946999999994
 -164.0 0.14896928999999995
 -165.0 0.14792407999999993
 -166.0 0.1468528449999999
 -167.0 0.14566457499999988
 -168.0 0.1446887099999999
 -169.0 0.1435972399999999
 -170.0 0.14252280999999992
 -171.0 0.14105755999999994
 -172.0 0.13954998999999993
 -173.0 0.13813915499999996
 -174.0 0.13664906499999993
 -175.0 0.1350965449999999
 -176.0 0.13351090999999995
 -177.0 0.13193388499999995
 -178.0 0.13034109499999993
 -179.0 0.12881226499999995
 -180.0 0.12735344499999993
 -181.0 0.12590397499999995
 -182.0 0.12447463499999993
 -183.0 0.12316821999999993
 -184.0 0.12204988999999994
 -185.0 0.12090533499999995
 -186.0 0.1196852149999999
 -187.0 0.11851262499999991
 -188.0 0.11741918999999992
 -189.0 0.11634567499999994
 -190.0 0.11532070999999994
 -191.0 0.11428148499999993
 -192.0 0.11323638499999994
 -193.0 0.11210969499999995
 -194.0 0.11101481499999996
 -195.0 0.11004616499999996
 -196.0 0.10919026499999998
 -197.0 0.10829633499999998
 -198.0 0.10744081499999997
 -199.0 0.10661102499999997
 -200.0 0.10578918999999995
 -201.0 0.10505706499999995
 -202.0 0.10418248499999995
 -203.0 0.10327228499999996
 -204.0 0.10231033499999999
 -205.0 0.10137147500000002
 -206.0 0.10040549
 -207.0 9.9461725e-2
 -208.0 9.8595645e-2
 -209.0 9.770335499999999e-2
 -210.0 9.684590000000001e-2
 -211.0 9.601888499999997e-2
 -212.0 9.519964999999997e-2
 -213.0 9.439518499999996e-2
 -214.0 9.369556499999998e-2
 -215.0 9.299847499999998e-2
 -216.0 9.237308999999998e-2
 -217.0 9.178744999999995e-2
 -218.0 9.113088999999996e-2
 -219.0 9.052988999999995e-2
 -220.0 8.994136999999995e-2
 -221.0 8.934787999999996e-2
 -222.0 8.874635499999993e-2
 -223.0 8.813393499999994e-2
 -224.0 8.757031499999997e-2
 -225.0 8.701751499999996e-2
 -226.0 8.656094499999999e-2
 -227.0 8.613244999999996e-2
 -228.0 8.569157999999996e-2
 -229.0 8.523596999999995e-2
 -230.0 8.482399499999994e-2
 -231.0 8.438797999999997e-2
 -232.0 8.401167499999997e-2
 -233.0 8.3597125e-2
 -234.0 8.3132655e-2
 -235.0 8.2648205e-2
 -236.0 8.207839499999998e-2
 -237.0 8.155386999999999e-2
 -238.0 8.1016455e-2
 -239.0 8.048653499999998e-2
 -240.0 7.997400499999999e-2
 -241.0 7.943663999999998e-2
 -242.0 7.892482999999999e-2
 -243.0 7.843842999999999e-2
 -244.0 7.800771499999999e-2
 -245.0 7.755614e-2
 -246.0 7.7114095e-2
 -247.0 7.6615915e-2
 -248.0 7.6128735e-2
 -249.0 7.560929499999999e-2
 -250.0 7.5022095e-2
 -251.0 7.436435500000001e-2
 -252.0 7.365760999999998e-2
 -253.0 7.294255000000001e-2
 -254.0 7.232115500000001e-2
 -255.0 7.168628500000002e-2
 -256.0 7.101688000000002e-2
 -257.0 7.040049500000001e-2
 -258.0 6.973992500000002e-2
 -259.0 6.909042000000003e-2
 -260.0 6.847526000000002e-2
 -261.0 6.785631500000001e-2
 -262.0 6.724500500000002e-2
 -263.0 6.663114000000003e-2
 -264.0 6.606370500000001e-2
 -265.0 6.555235000000001e-2
 -266.0 6.5055105e-2
 -267.0 6.4623425e-2
 -268.0 6.420293999999999e-2
 -269.0 6.380295999999999e-2
 -270.0 6.33692e-2
 -271.0 6.294725000000001e-2
 -272.0 6.2563325e-2
 -273.0 6.220684500000001e-2
 -274.0 6.1809525000000004e-2
 -275.0 6.144427000000001e-2
 -276.0 6.109842500000001e-2
 -277.0 6.0749190000000015e-2
 -278.0 6.0451035000000014e-2
 -279.0 6.019191500000001e-2
 -280.0 5.992827500000002e-2
 -281.0 5.965463000000002e-2
 -282.0 5.9321255000000024e-2
 -283.0 5.903654500000002e-2
 -284.0 5.873908000000003e-2
 -285.0 5.848358000000001e-2
 -286.0 5.824220500000001e-2
 -287.0 5.8019950000000015e-2
 -288.0 5.779585000000001e-2
 -289.0 5.756245000000001e-2
 -290.0 5.732399000000001e-2
 -291.0 5.709757500000001e-2
 -292.0 5.684664e-2
 -293.0 5.657734500000001e-2
 -294.0 5.630103500000001e-2
 -295.0 5.605049500000001e-2
 -296.0 5.5802485000000006e-2
 -297.0 5.553780500000002e-2
 -298.0 5.528014500000001e-2
 -299.0 5.505242e-2
 -300.0 5.4845000000000005e-2
 -301.0 5.4715675000000005e-2
 -302.0 5.456747000000001e-2
 -303.0 5.445940500000001e-2
 -304.0 5.440620500000002e-2
 -305.0 5.435213000000002e-2
 -306.0 5.4341035000000024e-2
 -307.0 5.4347165e-2
 -308.0 5.436217e-2
 -309.0 5.4374675000000004e-2
 -310.0 5.446077e-2
 -311.0 5.4567775000000006e-2
 -312.0 5.465481e-2
 -313.0 5.479144499999999e-2
 -314.0 5.4895739999999985e-2
 -315.0 5.4986409999999986e-2
 -316.0 5.501398999999999e-2
 -317.0 5.4994704999999984e-2
 -318.0 5.5028559999999976e-2
 -319.0 5.499671499999998e-2
 -320.0 5.5000259999999974e-2
 -321.0 5.5013774999999994e-2
 -322.0 5.5039609999999975e-2
 -323.0 5.5021139999999996e-2
 -324.0 5.5019895e-2
 -325.0 5.501223499999999e-2
 -326.0 5.499513499999998e-2
 -327.0 5.4970289999999984e-2
 -328.0 5.494019499999998e-2
 -329.0 5.490677999999999e-2
 -330.0 5.4890459999999995e-2
 -331.0 5.4848125e-2
 -332.0 5.480483499999998e-2
 -333.0 5.472776499999998e-2
 -334.0 5.464082499999999e-2
 -335.0 5.456001999999999e-2
 -336.0 5.447958e-2
 -337.0 5.444803999999999e-2
 -338.0 5.443369999999999e-2
 -339.0 5.441325499999999e-2
 -340.0 5.439968499999998e-2
 -341.0 5.4375029999999984e-2
 -342.0 5.433035999999998e-2
 -343.0 5.427404999999998e-2
 -344.0 5.423229499999997e-2
 -345.0 5.417329499999998e-2
 -346.0 5.411461499999998e-2
 -347.0 5.404370499999998e-2
 -348.0 5.3981964999999986e-2
 -349.0 5.398410499999997e-2
 -350.0 5.396292999999997e-2
 -351.0 5.395899499999996e-2
 -352.0 5.401295499999996e-2
 -353.0 5.411827999999996e-2
 -354.0 5.419325499999997e-2
 -355.0 5.426141999999996e-2
 -356.0 5.430870499999996e-2
 -357.0 5.4395159999999956e-2
 -358.0 5.446506499999995e-2
 -359.0 5.452522999999995e-2
 -360.0 5.4557609999999944e-2
 -361.0 5.457991499999995e-2
 -362.0 5.460351999999995e-2
 -363.0 5.4601269999999945e-2
 -364.0 5.463861999999995e-2
 -365.0 5.4714629999999945e-2
 -366.0 5.480757499999995e-2
 -367.0 5.488580499999995e-2
 -368.0 5.4925949999999946e-2
 -369.0 5.499314999999995e-2
 -370.0 5.507779999999996e-2
 -371.0 5.523656999999996e-2
 -372.0 5.536239499999995e-2
 -373.0 5.546906999999995e-2
 -374.0 5.558288499999995e-2
 -375.0 5.569066499999995e-2
 -376.0 5.5856789999999955e-2
 -377.0 5.605396999999995e-2
 -378.0 5.621241999999997e-2
 -379.0 5.641882999999996e-2
 -380.0 5.664159499999997e-2
 -381.0 5.693192999999997e-2
 -382.0 5.719199999999997e-2
 -383.0 5.7466064999999976e-2
 -384.0 5.774217499999997e-2
 -385.0 5.7993674999999974e-2
 -386.0 5.825212999999997e-2
 -387.0 5.850328999999998e-2
 -388.0 5.874584499999998e-2
 -389.0 5.897440999999997e-2
 -390.0 5.922886499999997e-2
 -391.0 5.951220499999997e-2
 -392.0 5.982416999999996e-2
 -393.0 6.015877499999997e-2
 -394.0 6.049123999999997e-2
 -395.0 6.082194999999996e-2
 -396.0 6.1095729999999966e-2
 -397.0 6.1391189999999964e-2
 -398.0 6.169554499999997e-2
 -399.0 6.1952989999999965e-2
 -400.0 6.222614999999997e-2
 -401.0 6.248974499999997e-2
 -402.0 6.276336499999997e-2
 -403.0 6.300671999999997e-2
 -404.0 6.322525999999998e-2
 -405.0 6.343825999999997e-2
 -406.0 6.366535499999997e-2
 -407.0 6.387072999999997e-2
 -408.0 6.405671499999997e-2
 -409.0 6.420636999999997e-2
 -410.0 6.431121499999998e-2
 -411.0 6.443140499999998e-2
 -412.0 6.455769999999998e-2
 -413.0 6.464885499999998e-2
 -414.0 6.476181999999998e-2
 -415.0 6.481276999999999e-2
 -416.0 6.488142499999999e-2
 -417.0 6.4958885e-2
 -418.0 6.505250499999998e-2
 -419.0 6.515456e-2
 -420.0 6.5234285e-2
 -421.0 6.531820500000002e-2
 -422.0 6.5378205e-2
 -423.0 6.544993e-2
 -424.0 6.5496945e-2
 -425.0 6.557138500000001e-2
 -426.0 6.5628115e-2
 -427.0 6.566464000000001e-2
 -428.0 6.574396e-2
 -429.0 6.582294500000001e-2
 -430.0 6.5905185e-2
 -431.0 6.599834e-2
 -432.0 6.6065105e-2
 -433.0 6.613986999999999e-2
 -434.0 6.619734e-2
 -435.0 6.625415e-2
 -436.0 6.629941499999999e-2
 -437.0 6.6330195e-2
 -438.0 6.637266e-2
 -439.0 6.639618e-2
 -440.0 6.643819499999999e-2
 -441.0 6.649859999999999e-2
 -442.0 6.654815499999998e-2
 -443.0 6.6597505e-2
 -444.0 6.661926e-2
 -445.0 6.6651015e-2
 -446.0 6.669136e-2
 -447.0 6.673707e-2
 -448.0 6.6792445e-2
 -449.0 6.6852065e-2
 -450.0 6.690465000000001e-2
 -451.0 6.694363e-2
 -452.0 6.7000535e-2
 -453.0 6.70602e-2
 -454.0 6.7121605e-2
 -455.0 6.718548499999999e-2
 -456.0 6.725198999999998e-2
 -457.0 6.729742999999998e-2
 -458.0 6.732126499999999e-2
 -459.0 6.733059999999998e-2
 -460.0 6.734605999999997e-2
 -461.0 6.736225499999998e-2
 -462.0 6.737937999999997e-2
 -463.0 6.740348999999998e-2
 -464.0 6.743434499999998e-2
 -465.0 6.745679999999998e-2
 -466.0 6.747172499999998e-2
 -467.0 6.746577499999998e-2
 -468.0 6.746597499999997e-2
 -469.0 6.746181499999998e-2
 -470.0 6.7471625e-2
 -471.0 6.747335999999998e-2
 -472.0 6.745534499999999e-2
 -473.0 6.747032499999998e-2
 -474.0 6.747887499999998e-2
 -475.0 6.749497499999997e-2
 -476.0 6.751261999999997e-2
 -477.0 6.753235999999999e-2
 -478.0 6.756100499999998e-2
 -479.0 6.761327499999999e-2
 -480.0 6.766423499999999e-2
 -481.0 6.772292499999999e-2
 -482.0 6.776647499999998e-2
 -483.0 6.779781499999998e-2
 -484.0 6.781441499999999e-2
 -485.0 6.778895999999998e-2
 -486.0 6.775229999999999e-2
 -487.0 6.771495499999998e-2
 -488.0 6.767444999999998e-2
 -489.0 6.763159999999999e-2
 -490.0 6.758607999999999e-2
 -491.0 6.754022999999998e-2
 -492.0 6.748237999999997e-2
 -493.0 6.742149999999998e-2
 -494.0 6.736226999999999e-2
 -495.0 6.730834499999999e-2
 -496.0 6.724402499999999e-2
 -497.0 6.717118999999999e-2
 -498.0 6.711505e-2
 -499.0 6.7031945e-2
 -500.0 6.6926185e-2
 -501.0 6.682597e-2
 -502.0 6.673396e-2
 -503.0 6.662481999999999e-2
 -504.0 6.649346999999999e-2
 -505.0 6.637327499999998e-2
 -506.0 6.621565999999998e-2
 -507.0 6.605067e-2
 -508.0 6.589956e-2
 -509.0 6.5728275e-2
 -510.0 6.549706500000001e-2
 -511.0 6.5241095e-2
 -512.0 6.500064500000001e-2
 -513.0 6.473859500000001e-2
 -514.0 6.446919500000002e-2
 -515.0 6.420520000000002e-2
 -516.0 6.3976385e-2
 -517.0 6.3760375e-2
 -518.0 6.352223e-2
 -519.0 6.331712e-2
 -520.0 6.3117025e-2
 -521.0 6.2908205e-2
 -522.0 6.269316999999999e-2
 -523.0 6.2493359999999984e-2
 -524.0 6.228744e-2
 -525.0 6.208172e-2
 -526.0 6.1889025e-2
 -527.0 6.171316500000001e-2
 -528.0 6.1555415000000016e-2
 -529.0 6.140307000000002e-2
 -530.0 6.122435500000001e-2
 -531.0 6.106396000000001e-2
 -532.0 6.0920525e-2
 -533.0 6.079027500000001e-2
 -534.0 6.0663015000000015e-2
 -535.0 6.0529495e-2
 -536.0 6.0402135000000017e-2
 -537.0 6.029885000000001e-2
 -538.0 6.016798e-2
 -539.0 6.0050015000000005e-2
 -540.0 5.992613e-2
 -541.0 5.978955e-2
 -542.0 5.966104000000001e-2
 -543.0 5.9522340000000014e-2
 -544.0 5.937418000000001e-2
 -545.0 5.9245715e-2
 -546.0 5.910062500000001e-2
 -547.0 5.897241000000001e-2
 -548.0 5.8840235000000005e-2
 -549.0 5.865962500000002e-2
 -550.0 5.850514500000001e-2
 -551.0 5.834690000000001e-2
 -552.0 5.8126500000000005e-2
 -553.0 5.785468e-2
 -554.0 5.7604155e-2
 -555.0 5.737744e-2
 -556.0 5.7168945000000006e-2
 -557.0 5.692332000000001e-2
 -558.0 5.6690665e-2
 -559.0 5.6461365e-2
 -560.0 5.626632999999999e-2
 -561.0 5.6050295e-2
 -562.0 5.582897999999999e-2
 -563.0 5.5609744999999995e-2
 -564.0 5.536329e-2
 -565.0 5.5090355000000014e-2
 -566.0 5.480841500000001e-2
 -567.0 5.453734500000002e-2
 -568.0 5.4286140000000004e-2
 -569.0 5.3997935000000004e-2
 -570.0 5.371758e-2
 -571.0 5.3400945000000005e-2
 -572.0 5.3127425e-2
 -573.0 5.2881304999999997e-2
 -574.0 5.263644499999999e-2
 -575.0 5.238508499999999e-2
 -576.0 5.2126859999999976e-2
 -577.0 5.1874434999999976e-2
 -578.0 5.1648489999999984e-2
 -579.0 5.138630499999998e-2
 -580.0 5.111463999999999e-2
 -581.0 5.080343499999999e-2
 -582.0 5.052270999999999e-2
 -583.0 5.0233839999999995e-2
 -584.0 4.994271499999999e-2
 -585.0 4.9644864999999976e-2
 -586.0 4.934797999999997e-2
 -587.0 4.907521499999997e-2
 -588.0 4.879892499999998e-2
 -589.0 4.854835999999998e-2
 -590.0 4.828578499999997e-2
 -591.0 4.799612499999999e-2
 -592.0 4.7694699999999986e-2
 -593.0 4.7390474999999974e-2
 -594.0 4.7092814999999975e-2
 -595.0 4.679716499999997e-2
 -596.0 4.654974999999997e-2
 -597.0 4.631157499999998e-2
 -598.0 4.6072229999999964e-2
 -599.0 4.586869499999997e-2
 -600.0 4.567447499999997e-2
 -601.0 4.549334499999998e-2
 -602.0 4.528824999999997e-2
 -603.0 4.511874499999997e-2
 -604.0 4.496602999999997e-2
 -605.0 4.4807624999999976e-2
 -606.0 4.462447499999997e-2
 -607.0 4.444711499999999e-2
 -608.0 4.427338999999999e-2
 -609.0 4.413659500000001e-2
 -610.0 4.405016e-2
 -611.0 4.3965674999999996e-2
 -612.0 4.389939500000001e-2
 -613.0 4.388260000000001e-2
 -614.0 4.3853880000000005e-2
 -615.0 4.387408000000001e-2
 -616.0 4.3876725000000005e-2
 -617.0 4.386776000000002e-2
 -618.0 4.384880500000002e-2
 -619.0 4.3830170000000016e-2
 -620.0 4.3822940000000005e-2
 -621.0 4.3824560000000005e-2
 -622.0 4.3845220000000004e-2
 -623.0 4.3859035e-2
 -624.0 4.3867685000000003e-2
 -625.0 4.386940500000001e-2
 -626.0 4.3911915e-2
 -627.0 4.3957450000000016e-2
 -628.0 4.400838500000002e-2
 -629.0 4.4027979999999994e-2
 -630.0 4.404049000000001e-2
 -631.0 4.404634e-2
 -632.0 4.4072265e-2
 -633.0 4.4071675000000005e-2
 -634.0 4.4081620000000016e-2
 -635.0 4.409142000000002e-2
 -636.0 4.411625500000002e-2
 -637.0 4.416427500000002e-2
 -638.0 4.419922500000002e-2
 -639.0 4.424284000000002e-2
 -640.0 4.423020000000002e-2
 -641.0 4.420372000000003e-2
 -642.0 4.418211000000004e-2
 -643.0 4.4157010000000045e-2
 -644.0 4.4151670000000046e-2
 -645.0 4.4158840000000046e-2
 -646.0 4.4168440000000045e-2
 -647.0 4.417649500000005e-2
 -648.0 4.417812500000005e-2
 -649.0 4.418387500000005e-2
 -650.0 4.4182625000000045e-2
 -651.0 4.416351500000003e-2
 -652.0 4.412387500000003e-2
 -653.0 4.408240000000002e-2
 -654.0 4.402976000000002e-2
 -655.0 4.3902370000000024e-2
 -656.0 4.379607000000003e-2
 -657.0 4.367692000000003e-2
 -658.0 4.358339500000003e-2
 -659.0 4.3480515000000025e-2
 -660.0 4.338260500000001e-2
 -661.0 4.328433500000001e-2
 -662.0 4.321387500000001e-2
 -663.0 4.313390500000001e-2
 -664.0 4.3047119999999994e-2
 -665.0 4.295498e-2
 -666.0 4.2878204999999996e-2
 -667.0 4.280694499999999e-2
 -668.0 4.272314499999999e-2
 -669.0 4.2643185e-2
 -670.0 4.2555035e-2
 -671.0 4.2471339999999996e-2
 -672.0 4.2387635e-2
 -673.0 4.2309740000000005e-2
 -674.0 4.223374e-2
 -675.0 4.215539500000001e-2
 -676.0 4.2081320000000005e-2
 -677.0 4.200744000000002e-2
 -678.0 4.192492500000002e-2
 -679.0 4.1818480000000005e-2
 -680.0 4.173404000000001e-2
 -681.0 4.1648025e-2
 -682.0 4.1569985e-2
 -683.0 4.1505419999999994e-2
 -684.0 4.1440175e-2
 -685.0 4.141907999999999e-2
 -686.0 4.139112999999999e-2
 -687.0 4.136551999999999e-2
 -688.0 4.133272999999999e-2
 -689.0 4.129790999999999e-2
 -690.0 4.128251999999998e-2
 -691.0 4.126095999999998e-2
 -692.0 4.125118999999997e-2
 -693.0 4.123304499999998e-2
 -694.0 4.121212499999999e-2
 -695.0 4.118729e-2
 -696.0 4.1171435e-2
 -697.0 4.117783999999999e-2
 -698.0 4.117881999999999e-2
 -699.0 4.118365499999998e-2
 -700.0 4.1199904999999974e-2
 -701.0 4.122460499999997e-2
 -702.0 4.125746499999997e-2
 -703.0 4.131322999999999e-2
 -704.0 4.134583499999999e-2
 -705.0 4.139318999999999e-2
 -706.0 4.144942999999999e-2
 -707.0 4.1500369999999974e-2
 -708.0 4.155106999999998e-2
 -709.0 4.160749499999998e-2
 -710.0 4.166020499999998e-2
 -711.0 4.171808999999998e-2
 -712.0 4.178320499999998e-2
 -713.0 4.184780499999998e-2
 -714.0 4.190414499999998e-2
 -715.0 4.195625999999999e-2
 -716.0 4.2002134999999996e-2
 -717.0 4.205676e-2
 -718.0 4.2099534999999993e-2
 -719.0 4.214003499999999e-2
 -720.0 4.217747499999999e-2
 -721.0 4.2224354999999984e-2
 -722.0 4.2287434999999984e-2
 -723.0 4.235795499999998e-2
 -724.0 4.242933499999999e-2
 -725.0 4.2480915e-2
 -726.0 4.2543899999999996e-2
 -727.0 4.259887e-2
 -728.0 4.263729499999999e-2
 -729.0 4.268916499999999e-2
 -730.0 4.274482999999999e-2
 -731.0 4.2808519999999996e-2
 -732.0 4.291152499999999e-2
 -733.0 4.3018854999999995e-2
 -734.0 4.318480999999999e-2
 -735.0 4.3339109999999986e-2
 -736.0 4.3529354999999985e-2
 -737.0 4.3701764999999976e-2
 -738.0 4.3908099999999964e-2
 -739.0 4.412599499999998e-2
 -740.0 4.433419499999998e-2
 -741.0 4.455161499999998e-2
 -742.0 4.477899499999999e-2
 -743.0 4.5019114999999985e-2
 -744.0 4.5250409999999984e-2
 -745.0 4.547635e-2
 -746.0 4.567521e-2
 -747.0 4.589274000000001e-2
 -748.0 4.6102914999999994e-2
 -749.0 4.629141e-2
 -750.0 4.6487394999999994e-2
 -751.0 4.6675644999999995e-2
 -752.0 4.689074499999999e-2
 -753.0 4.710368e-2
 -754.0 4.7311415e-2
 -755.0 4.7518525e-2
 -756.0 4.7723875e-2
 -757.0 4.795256999999999e-2
 -758.0 4.8175735e-2
 -759.0 4.8394864999999995e-2
 -760.0 4.860857999999999e-2
 -761.0 4.8823969999999994e-2
 -762.0 4.9029334999999986e-2
 -763.0 4.924801999999999e-2
 -764.0 4.948375499999998e-2
 -765.0 4.9713794999999984e-2
 -766.0 5.001142999999999e-2
 -767.0 5.029979499999999e-2
 -768.0 5.061114e-2
 -769.0 5.0951899999999994e-2
 -770.0 5.1270645e-2
 -771.0 5.1630494999999985e-2
 -772.0 5.204824499999999e-2
 -773.0 5.253147499999999e-2
 -774.0 5.298061e-2
 -775.0 5.340618999999999e-2
 -776.0 5.3861449999999984e-2
 -777.0 5.432672499999998e-2
 -778.0 5.477609999999999e-2
 -779.0 5.527041499999998e-2
 -780.0 5.575409999999999e-2
 -781.0 5.621228999999998e-2
 -782.0 5.6656749999999985e-2
 -783.0 5.710490999999998e-2
 -784.0 5.7556179999999985e-2
 -785.0 5.798204499999999e-2
 -786.0 5.842596999999999e-2
 -787.0 5.8872605e-2
 -788.0 5.9317865e-2
 -789.0 5.9740945000000004e-2
 -790.0 6.02736e-2
 -791.0 6.083196500000001e-2
 -792.0 6.134402500000001e-2
 -793.0 6.1902645000000006e-2
 -794.0 6.2417915000000004e-2
 -795.0 6.293240500000001e-2
 -796.0 6.3441565e-2
 -797.0 6.395113000000001e-2
 -798.0 6.440589000000001e-2
 -799.0 6.488561e-2
 -800.0 6.537581e-2
 -801.0 6.586502999999999e-2
 -802.0 6.6375375e-2
 -803.0 6.685178500000001e-2
 -804.0 6.735074500000002e-2
 -805.0 6.784869500000001e-2
 -806.0 6.835130000000002e-2
 -807.0 6.881346e-2
 -808.0 6.928421000000001e-2
 -809.0 6.976753000000001e-2
 -810.0 7.021966e-2
 -811.0 7.064689e-2
 -812.0 7.107167500000001e-2
 -813.0 7.1495925e-2
 -814.0 7.191409500000001e-2
 -815.0 7.228001e-2
 -816.0 7.266938e-2
 -817.0 7.3003285e-2
 -818.0 7.3349685e-2
 -819.0 7.366150499999999e-2
 -820.0 7.398515999999998e-2
 -821.0 7.425266999999998e-2
 -822.0 7.4529375e-2
 -823.0 7.475444999999999e-2
 -824.0 7.499974499999999e-2
 -825.0 7.526716499999998e-2
 -826.0 7.5512485e-2
 -827.0 7.578301999999999e-2
 -828.0 7.605717499999999e-2
 -829.0 7.6315925e-2
 -830.0 7.6483425e-2
 -831.0 7.669543999999999e-2
 -832.0 7.683206999999999e-2
 -833.0 7.700914499999999e-2
 -834.0 7.718450999999998e-2
 -835.0 7.734636499999997e-2
 -836.0 7.752142999999997e-2
 -837.0 7.769965999999999e-2
 -838.0 7.788980499999999e-2
 -839.0 7.809597499999998e-2
 -840.0 7.832298999999998e-2
 -841.0 7.855840999999998e-2
 -842.0 7.878280999999998e-2
 -843.0 7.900335499999998e-2
 -844.0 7.924477999999999e-2
 -845.0 7.945541999999998e-2
 -846.0 7.966989999999999e-2
 -847.0 7.987204499999999e-2
 -848.0 8.001889999999999e-2
 -849.0 8.017042999999997e-2
 -850.0 8.030952e-2
 -851.0 8.050714999999999e-2
 -852.0 8.078396499999997e-2
 -853.0 8.105430999999998e-2
 -854.0 8.136249999999996e-2
 -855.0 8.174602999999997e-2
 -856.0 8.210974999999998e-2
 -857.0 8.248501499999998e-2
 -858.0 8.283873999999997e-2
 -859.0 8.318273999999999e-2
 -860.0 8.352359e-2
 -861.0 8.387864999999999e-2
 -862.0 8.421411499999998e-2
 -863.0 8.4531315e-2
 -864.0 8.4853245e-2
 -865.0 8.519855999999998e-2
 -866.0 8.556277499999998e-2
 -867.0 8.593708499999998e-2
 -868.0 8.6322585e-2
 -869.0 8.671911999999998e-2
 -870.0 8.711687499999998e-2
 -871.0 8.750450499999998e-2
 -872.0 8.789643499999998e-2
 -873.0 8.826738999999999e-2
 -874.0 8.864514499999997e-2
 -875.0 8.902780999999999e-2
 -876.0 8.941127499999998e-2
 -877.0 8.976226999999999e-2
 -878.0 9.013067999999999e-2
 -879.0 9.0523525e-2
 -880.0 9.088586e-2
 -881.0 9.125055e-2
 -882.0 9.160073499999999e-2
 -883.0 9.193522999999999e-2
 -884.0 9.228329e-2
 -885.0 9.2611405e-2
 -886.0 9.291925500000002e-2
 -887.0 9.3220565e-2
 -888.0 9.352097500000003e-2
 -889.0 9.385264500000001e-2
 -890.0 9.414132000000003e-2
 -891.0 9.443562500000001e-2
 -892.0 9.472970499999998e-2
 -893.0 9.5035595e-2
 -894.0 9.5410235e-2
 -895.0 9.574363e-2
 -896.0 9.609393999999999e-2
 -897.0 9.641753999999998e-2
 -898.0 9.673722499999998e-2
 -899.0 9.705501000000001e-2
 -900.0 9.734823999999997e-2
 -901.0 9.764718999999995e-2
 -902.0 9.793222499999998e-2
 -903.0 9.817640499999998e-2
 -904.0 9.845721499999999e-2
 -905.0 9.874891499999999e-2
 -906.0 9.902586000000001e-2
 -907.0 9.9310545e-2
 -908.0 9.9653355e-2
 -909.0 0.10007129000000001
 -910.0 0.100546255
 -911.0 0.10105827500000002
 -912.0 0.101628375
 -913.0 0.10214550500000001
 -914.0 0.10259852500000001
 -915.0 0.103063125
 -916.0 0.10363497500000002
 -917.0 0.10421080999999999
 -918.0 0.10481290000000001
 -919.0 0.1053405
 -920.0 0.10587862499999998
 -921.0 0.10644296999999997
 -922.0 0.10691291499999997
 -923.0 0.10742900999999999
 -924.0 0.10793896999999998
 -925.0 0.10844838999999999
 -926.0 0.10887386499999999
 -927.0 0.10933807999999995
 -928.0 0.10978484499999995
 -929.0 0.11021203499999997
 -930.0 0.11066718499999997
 -931.0 0.11116108999999996
 -932.0 0.11162825499999995
 -933.0 0.11207647999999998
 -934.0 0.11252963499999996
 -935.0 0.11297528999999995
 -936.0 0.11339438999999996
 -937.0 0.11382567999999996
 -938.0 0.11420842499999996
 -939.0 0.11452670499999995
 -940.0 0.11488038999999997
 -941.0 0.11513222999999996
 -942.0 0.11546337499999997
 -943.0 0.11581904499999997
 -944.0 0.11619112999999998
 -945.0 0.11654558499999997
 -946.0 0.11705245999999998
 -947.0 0.11761550999999998
 -948.0 0.11814056999999996
 -949.0 0.11866381499999995
 -950.0 0.11914862999999996
 -951.0 0.11964037999999996
 -952.0 0.12024812999999998
 -953.0 0.12096106999999996
 -954.0 0.12185462499999997
 -955.0 0.12311741999999998
 -956.0 0.12422494499999999
 -957.0 0.12533487999999998
 -958.0 0.12658499499999995
 -959.0 0.12769655499999996
 -960.0 0.12866542999999997
 -961.0 0.12969763999999998
 -962.0 0.13087728999999995
 -963.0 0.13202730999999998
 -964.0 0.13312061
 -965.0 0.13446724999999998
 -966.0 0.13588673999999998
 -967.0 0.13727224999999998
 -968.0 0.13863524499999996
 -969.0 0.14001245499999998
 -970.0 0.141072445
 -971.0 0.142294225
 -972.0 0.14343467
 -973.0 0.14455453499999998
 -974.0 0.1456525
 -975.0 0.14678208999999998
 -976.0 0.14772142
 -977.0 0.14881814999999998
 -978.0 0.14993802499999997
 -979.0 0.15109130499999998
 -980.0 0.15216395
 -981.0 0.153544505
 -982.0 0.15506331
 -983.0 0.156657925
 -984.0 0.15824462000000003
 -985.0 0.16034437
 -986.0 0.16286897500000003
 -987.0 0.16556555500000003
 -988.0 0.16835924500000002
 -989.0 0.17126738500000002
 -990.0 0.17520108499999998
 -991.0 0.17909925000000002
 -992.0 0.18303333000000005
 -993.0 0.18681893500000005
 -994.0 0.19036163500000003
 -995.0 0.19396375500000004
 -996.0 0.19762452000000008
 -997.0 0.20136125500000004
 -998.0 0.20526432500000005
 -999.0 0.20921589500000004
 -1000.0 0.21411559500000002
 -1001.0 0.21890472000000002
 -1002.0 0.22368023500000003
 -1003.0 0.227758005
 -1004.0 0.232287385
 -1005.0 0.23695674500000002
 -1006.0 0.242442995
 -1007.0 0.248380115
 -1008.0 0.25423342000000004
 -1009.0 0.259989135
 -1010.0 0.26542535500000003
 -1011.0 0.27081680500000005
 -1012.0 0.2756987900000001
 -1013.0 0.2808368050000001
 -1014.0 0.28580473000000006
 -1015.0 0.29082519000000007
 -1016.0 0.29574724500000005
 -1017.0 0.30110425
 -1018.0 0.30615288500000004
 -1019.0 0.31116886
 -1020.0 0.31574214
 -1021.0 0.32069225
 -1022.0 0.32541159500000005
 -1023.0 0.33004517000000005
 -1024.0 0.33571267000000005
 -1025.0 0.34202247500000005
 -1026.0 0.3476303200000001
 -1027.0 0.35352773000000015
 -1028.0 0.35893338000000014
 -1029.0 0.3643010150000001
 -1030.0 0.36936961500000015
 -1031.0 0.37446515000000014
 -1032.0 0.379390545
 -1033.0 0.38443311500000005
 -1034.0 0.3900362950000001
 -1035.0 0.3954641250000001
 -1036.0 0.4009530000000001
 -1037.0 0.4064799250000001
 -1038.0 0.41206156500000013
 -1039.0 0.4175398950000001
 -1040.0 0.42301183500000017
 -1041.0 0.42851053500000014
 -1042.0 0.4339094400000001
 -1043.0 0.43940829000000015
 -1044.0 0.44500870500000006
 -1045.0 0.45083007
 -1046.0 0.45624753000000007
 -1047.0 0.4618975450000001
 -1048.0 0.4675131050000001
 -1049.0 0.473198125
 -1050.0 0.47914798500000005
 -1051.0 0.48531453500000005
 -1052.0 0.49188924000000006
 -1053.0 0.49868852000000014
 -1054.0 0.505590025
 -1055.0 0.5121714350000002
 -1056.0 0.5185898750000001
 -1057.0 0.5244620700000001
 -1058.0 0.5299625400000001
 -1059.0 0.535827605
 -1060.0 0.5413942150000001
 -1061.0 0.54664756
 -1062.0 0.55193835
 -1063.0 0.5569810850000001
 -1064.0 0.5619533350000001
 -1065.0 0.5676426700000001
 -1066.0 0.5736676800000001
 -1067.0 0.5798208850000001
 -1068.0 0.5858282650000001
 -1069.0 0.59204034
 -1070.0 0.5982614350000002
 -1071.0 0.60435901
 -1072.0 0.6106359850000002
 -1073.0 0.6164862200000002
 -1074.0 0.6233333450000001
 -1075.0 0.6310470250000002
 -1076.0 0.6387709050000002
 -1077.0 0.6463562050000001
 -1078.0 0.6546780800000002
 -1079.0 0.6623487000000003
 -1080.0 0.6706286700000003
 -1081.0 0.6778521700000002
 -1082.0 0.6869887550000002
 -1083.0 0.6964972500000002
 -1084.0 0.7068532500000002
 -1085.0 0.7179039300000002
 -1086.0 0.7275881800000001
 -1087.0 0.7371396450000002
 -1088.0 0.7440869700000001
 -1089.0 0.7526483300000002
 -1090.0 0.7599490000000002
 -1091.0 0.7667999400000001
 -1092.0 0.7729502750000001
 -1093.0 0.7802127300000001
 -1094.0 0.7874440500000002
 -1095.0 0.7958506650000002
 -1096.0 0.8035473600000002
 -1097.0 0.8105806700000002
 -1098.0 0.8170828050000002
 -1099.0 0.8244393750000002
 -1100.0 0.8326306400000001
 -1101.0 0.8407724500000002
 -1102.0 0.8490155600000001
 -1103.0 0.8577152600000002
 -1104.0 0.8657497600000003
 -1105.0 0.8734968050000002
 -1106.0 0.8813560300000002
 -1107.0 0.8886472300000001
 -1108.0 0.89599625
 -1109.0 0.9034556550000002
 -1110.0 0.9103911400000001
 -1111.0 0.9168054800000002
 -1112.0 0.9233749650000002
 -1113.0 0.9303909500000002
 -1114.0 0.9375750950000001
 -1115.0 0.9448587350000001
 -1116.0 0.9514476450000001
 -1117.0 0.95802542
 -1118.0 0.96424586
 -1119.0 0.970418795
 -1120.0 0.9767719499999999
 -1121.0 0.98183829
 -1122.0 0.9868633550000001
 -1123.0 0.992329495
 -1124.0 0.998315595
 -1125.0 1.003827335
 -1126.0 1.0093748949999999
 -1127.0 1.01531008
 -1128.0 1.02122387
 -1129.0 1.02736881
 -1130.0 1.0335638700000003
 -1131.0 1.0394721050000002
 -1132.0 1.0456541300000002
 -1133.0 1.0519167850000002
 -1134.0 1.0583697600000002
 -1135.0 1.0645768350000002
 -1136.0 1.0708421600000002
 -1137.0 1.07703418
 -1138.0 1.0828749700000002
 -1139.0 1.08885906
 -1140.0 1.09475859
 -1141.0 1.1008173449999998
 -1142.0 1.106628425
 -1143.0 1.1121660199999999
 -1144.0 1.11768819
 -1145.0 1.12303204
 -1146.0 1.1280169399999997
 -1147.0 1.13291763
 -1148.0 1.1379159199999997
 -1149.0 1.142614515
 -1150.0 1.1470192199999998
 -1151.0 1.1519725949999997
 -1152.0 1.1568784249999997
 -1153.0 1.1617861499999997
 -1154.0 1.1666620649999997
 -1155.0 1.1711450799999996
 -1156.0 1.1759376449999996
 -1157.0 1.1808018899999997
 -1158.0 1.1855545449999996
 -1159.0 1.1904504899999997
 -1160.0 1.1956179199999997
 -1161.0 1.2007946299999999
 -1162.0 1.205815235
 -1163.0 1.2108135949999999
 -1164.0 1.2161260749999998
 -1165.0 1.221246675
 -1166.0 1.2262781399999998
 -1167.0 1.2314299299999998
 -1168.0 1.2369376299999997
 -1169.0 1.2421998099999998
 -1170.0 1.2480369649999998
 -1171.0 1.2546519099999998
 -1172.0 1.2619138849999998
 -1173.0 1.2692638699999998
 -1174.0 1.2782248349999996
 -1175.0 1.2874620999999997
 -1176.0 1.2967424649999995
 -1177.0 1.3054089049999995
 -1178.0 1.3133012549999996
 -1179.0 1.3220309599999995
 -1180.0 1.3324471699999998
 -1181.0 1.3427255149999997
 -1182.0 1.3527714549999996
 -1183.0 1.3641330799999993
 -1184.0 1.3765147549999996
 -1185.0 1.3874308399999995
 -1186.0 1.3979820699999996
 -1187.0 1.4073435199999997
 -1188.0 1.4186519499999997
 -1189.0 1.4293718199999994
 -1190.0 1.4390001599999993
 -1191.0 1.4480272549999995
 -1192.0 1.4572616949999995
 -1193.0 1.4670869349999995
 -1194.0 1.4776620299999996
 -1195.0 1.4881981649999994
 -1196.0 1.4980074449999996
 -1197.0 1.5081069649999994
 -1198.0 1.5176958549999997
 -1199.0 1.525570065
 -1200.0 1.5323302199999997
 -1201.0 1.5394159499999998
 -1202.0 1.5458497500000001
 -1203.0 1.554245955
 -1204.0 1.5618963050000003
 -1205.0 1.5685040400000005
 -1206.0 1.5742767050000004
 -1207.0 1.5801605800000005
 -1208.0 1.5857251300000004
 -1209.0 1.5909952850000004
 -1210.0 1.5967172650000006
 -1211.0 1.6020457950000009
 -1212.0 1.6067914000000008
 -1213.0 1.6108839250000009
 -1214.0 1.616559775000001
 -1215.0 1.6225476450000007
 -1216.0 1.628363725000001
 -1217.0 1.633895625000001
 -1218.0 1.639263085000001
 -1219.0 1.6443186600000006
 -1220.0 1.6493186350000009
 -1221.0 1.6541305050000008
 -1222.0 1.659406995000001
 -1223.0 1.665529935000001
 -1224.0 1.6705724650000013
 -1225.0 1.6749434650000012
 -1226.0 1.6796946100000012
 -1227.0 1.6843493800000013
 -1228.0 1.6893774500000012
 -1229.0 1.6948167250000008
 -1230.0 1.7004532350000008
 -1231.0 1.706178550000001
 -1232.0 1.7117896100000007
 -1233.0 1.7171486850000006
 -1234.0 1.721674790000001
 -1235.0 1.7267371700000012
 -1236.0 1.731633365000001
 -1237.0 1.736693915000001
 -1238.0 1.7415158950000011
 -1239.0 1.7463343900000012
 -1240.0 1.751029485000001
 -1241.0 1.755611750000001
 -1242.0 1.760675115000001
 -1243.0 1.765400970000001
 -1244.0 1.7701004650000007
 -1245.0 1.7746577700000006
 -1246.0 1.7793992000000003
 -1247.0 1.7840223500000005
 -1248.0 1.788698535
 -1249.0 1.7921709300000002
 -1250.0 1.7957783500000004
 -1251.0 1.79925865
 -1252.0 1.8019868300000002
 -1253.0 1.8045348600000002
 -1254.0 1.8068769300000003
 -1255.0 1.80964907
 -1256.0 1.8130432300000001
 -1257.0 1.8165901350000004
 -1258.0 1.8205313699999999
 -1259.0 1.824234745
 -1260.0 1.82831043
 -1261.0 1.83319744
 -1262.0 1.8387863449999997
 -1263.0 1.8437885799999998
 -1264.0 1.84877495
 -1265.0 1.852833685
 -1266.0 1.8565645700000002
 -1267.0 1.8600905050000005
 -1268.0 1.86362837
 -1269.0 1.8662523000000002
 -1270.0 1.8688646450000002
 -1271.0 1.8711722400000008
 -1272.0 1.8736860550000003
 -1273.0 1.8769241800000005
 -1274.0 1.8787453500000004
 -1275.0 1.8793775050000001
 -1276.0 1.879862755
 -1277.0 1.8801971
 -1278.0 1.8796010150000004
 -1279.0 1.879019635
 -1280.0 1.87792984
 -1281.0 1.87813024
 -1282.0 1.8764744399999997
 -1283.0 1.874224975
 -1284.0 1.871093405
 -1285.0 1.86812467
 -1286.0 1.8657463149999998
 -1287.0 1.862831535
 -1288.0 1.862309455
 -1289.0 1.8603840749999998
 -1290.0 1.8595323949999996
 -1291.0 1.859199