 0.0 0.17532551999999998
 -1.0 0.18527043999999995
 -2.0 0.19751291999999998
 -3.0 0.21135807999999998
 -4.0 0.22545167999999996
 -5.0 0.24058725999999997
 -6.0 0.26165585999999996
 -7.0 0.28340936
 -8.0 0.30284893999999996
 -9.0 0.32287647999999997
 -10.0 0.34251950000000003
 -11.0 0.35993786
 -12.0 0.3756411
 -13.0 0.39093691999999997
 -14.0 0.40413418
 -15.0 0.42153546
 -16.0 0.4386503
 -17.0 0.4540865999999999
 -18.0 0.46893169999999995
 -19.0 0.4804497
 -20.0 0.49063685999999995
 -21.0 0.5020393599999999
 -22.0 0.51265166
 -23.0 0.5241748199999999
 -24.0 0.5337910599999999
 -25.0 0.5425640799999999
 -26.0 0.5511080799999999
 -27.0 0.5610024799999999
 -28.0 0.5713955999999999
 -29.0 0.5817532199999998
 -30.0 0.5917805799999999
 -31.0 0.60279412
 -32.0 0.61305258
 -33.0 0.6212631799999999
 -34.0 0.6289716599999999
 -35.0 0.6347194799999999
 -36.0 0.6377150999999999
 -37.0 0.6422224799999999
 -38.0 0.6417152399999999
 -39.0 0.6380024399999998
 -40.0 0.6350335399999999
 -41.0 0.6312170199999998
 -42.0 0.6286256799999999
 -43.0 0.6269006999999999
 -44.0 0.6268751399999999
 -45.0 0.62598998
 -46.0 0.6258756999999999
 -47.0 0.6250147199999999
 -48.0 0.6243835799999999
 -49.0 0.6242874199999999
 -50.0 0.6242095999999999
 -51.0 0.6220212799999999
 -52.0 0.61694878
 -53.0 0.61038432
 -54.0 0.60338676
 -55.0 0.5950238400000001
 -56.0 0.58018806
 -57.0 0.56481082
 -58.0 0.5512789600000001
 -59.0 0.5376166200000001
 -60.0 0.52421292
 -61.0 0.5129436
 -62.0 0.5029003600000002
 -63.0 0.4931258800000002
 -64.0 0.4852277200000001
 -65.0 0.47321968000000014
 -66.0 0.46155294000000013
 -67.0 0.4514601400000002
 -68.0 0.4415955400000001
 -69.0 0.43401130000000016
 -70.0 0.4258641200000002
 -71.0 0.41711140000000024
 -72.0 0.4082989000000002
 -73.0 0.3986186600000001
 -74.0 0.3908298400000001
 -75.0 0.3838812000000001
 -76.0 0.37661104000000006
 -77.0 0.36788106
 -78.0 0.35870872000000004
 -79.0 0.3493363399999999
 -80.0 0.3401227799999999
 -81.0 0.3306700199999999
 -82.0 0.32230487999999985
 -83.0 0.3159303999999999
 -84.0 0.3096137199999999
 -85.0 0.30496545999999985
 -86.0 0.30093879999999995
 -87.0 0.2958541799999999
 -88.0 0.2916242399999999
 -89.0 0.28817533999999995
 -90.0 0.28398144
 -91.0 0.28011013999999995
 -92.0 0.27592263999999994
 -93.0 0.27120898
 -94.0 0.2661068999999999
 -95.0 0.26183921999999993
 -96.0 0.25760185999999996
 -97.0 0.2532427
 -98.0 0.2482797
 -99.0 0.24298136
 -100.0 0.23788104000000002
 -101.0 0.23261536000000002
 -102.0 0.22796512
 -103.0 0.22326262
 -104.0 0.21900762000000001
 -105.0 0.21596346
 -106.0 0.21321668000000002
 -107.0 0.21032858000000001
 -108.0 0.20829706
 -109.0 0.20654932000000004
 -110.0 0.2046571
 -111.0 0.2031532
 -112.0 0.20234874000000003
 -113.0 0.20228574000000002
 -114.0 0.20222726000000005
 -115.0 0.20199584000000004
 -116.0 0.20174956000000005
 -117.0 0.20205462000000005
 -118.0 0.20178056000000005
 -119.0 0.20272084000000004
 -120.0 0.20405576000000003
 -121.0 0.20676910000000004
 -122.0 0.20987278000000004
 -123.0 0.21226918000000006
 -124.0 0.2149686000000001
 -125.0 0.21795648000000006
 -126.0 0.22135942000000008
 -127.0 0.22484888000000008
 -128.0 0.2285980800000001
 -129.0 0.2325032400000001
 -130.0 0.2360836600000001
 -131.0 0.2386977400000001
 -132.0 0.2410706600000001
 -133.0 0.24274866000000006
 -134.0 0.24388158000000007
 -135.0 0.24551504000000007
 -136.0 0.24744882000000007
 -137.0 0.2492254000000001
 -138.0 0.25107238000000004
 -139.0 0.25310136000000005
 -140.0 0.25477348000000005
 -141.0 0.2567467200000001
 -142.0 0.2586679600000001
 -143.0 0.2606723000000001
 -144.0 0.26263374000000006
 -145.0 0.26399420000000007
 -146.0 0.26460272000000007
 -147.0 0.26567538000000007
 -148.0 0.2667133200000001
 -149.0 0.2677556400000001
 -150.0 0.2686509000000001
 -151.0 0.26901458000000006
 -152.0 0.27001626
 -153.0 0.27111218000000004
 -154.0 0.27229588
 -155.0 0.27250135999999997
 -156.0 0.27304555999999996
 -157.0 0.27359157999999995
 -158.0 0.27344401999999995
 -159.0 0.27272043999999995
 -160.0 0.2721603799999999
 -161.0 0.27117593999999995
 -162.0 0.26983594
 -163.0 0.26785281999999994
 -164.0 0.26557857999999995
 -165.0 0.26349347999999995
 -166.0 0.26105571999999994
 -167.0 0.2580063799999999
 -168.0 0.25602079999999994
 -169.0 0.2533898399999999
 -170.0 0.25087929999999997
 -171.0 0.24694941999999998
 -172.0 0.24293061999999996
 -173.0 0.23940795999999998
 -174.0 0.23547379999999996
 -175.0 0.23119652000000002
 -176.0 0.22659912000000001
 -177.0 0.22215284000000002
 -178.0 0.21748014000000002
 -179.0 0.2131851
 -180.0 0.20900355999999998
 -181.0 0.2049854
 -182.0 0.20089994
 -183.0 0.19747255999999996
 -184.0 0.19502344000000002
 -185.0 0.19244896000000003
 -186.0 0.18989672
 -187.0 0.18744114
 -188.0 0.18525724000000005
 -189.0 0.18310816000000002
 -190.0 0.18115656000000002
 -191.0 0.17925314
 -192.0 0.17729550000000002
 -193.0 0.17497220000000002
 -194.0 0.17257124000000004
 -195.0 0.17071274000000003
 -196.0 0.1691989
 -197.0 0.16777686
 -198.0 0.16650559999999998
 -199.0 0.16541950000000002
 -200.0 0.16467072000000002
 -201.0 0.16459235999999997
 -202.0 0.16411612
 -203.0 0.16351064
 -204.0 0.16224986000000002
 -205.0 0.16107246000000003
 -206.0 0.15992316000000004
 -207.0 0.15864064000000003
 -208.0 0.15782384000000002
 -209.0 0.15686912
 -210.0 0.15585000000000002
 -211.0 0.15493842000000002
 -212.0 0.15409886000000003
 -213.0 0.1533233
 -214.0 0.15286768
 -215.0 0.15210802
 -216.0 0.15159434
 -217.0 0.15102500000000002
 -218.0 0.15018259999999997
 -219.0 0.1494786
 -220.0 0.14885377999999996
 -221.0 0.14823724
 -222.0 0.14746245999999996
 -223.0 0.1463938
 -224.0 0.14562423999999996
 -225.0 0.14478021999999996
 -226.0 0.14423222
 -227.0 0.14373425999999997
 -228.0 0.14313839999999997
 -229.0 0.14232625999999998
 -230.0 0.14170507999999998
 -231.0 0.14106281999999998
 -232.0 0.14087415999999997
 -233.0 0.14035545999999996
 -234.0 0.13965077999999997
 -235.0 0.1386819
 -236.0 0.13741639999999997
 -237.0 0.13620627999999996
 -238.0 0.13503614
 -239.0 0.13393926000000003
 -240.0 0.13290322000000002
 -241.0 0.13176252
 -242.0 0.13086002
 -243.0 0.1301702
 -244.0 0.12970373999999998
 -245.0 0.12908528
 -246.0 0.12858558
 -247.0 0.12796438
 -248.0 0.12731118
 -249.0 0.12653808
 -250.0 0.12552101999999998
 -251.0 0.12385510000000002
 -252.0 0.12204086000000004
 -253.0 0.12010314000000005
 -254.0 0.11842434000000003
 -255.0 0.11668446000000003
 -256.0 0.11474908000000004
 -257.0 0.11287878000000003
 -258.0 0.11075024000000003
 -259.0 0.10869220000000004
 -260.0 0.10676186000000003
 -261.0 0.10483750000000003
 -262.0 0.10296916000000003
 -263.0 0.10098088000000002
 -264.0 9.928774000000001e-2
 -265.0 9.786880000000003e-2
 -266.0 9.668064000000001e-2
 -267.0 9.579394000000002e-2
 -268.0 9.485269999999998e-2
 -269.0 9.409683999999999e-2
 -270.0 9.31175e-2
 -271.0 9.212700000000001e-2
 -272.0 9.120895999999998e-2
 -273.0 9.065393999999997e-2
 -274.0 8.986443999999998e-2
 -275.0 8.922946e-2
 -276.0 8.868457999999999e-2
 -277.0 8.811456e-2
 -278.0 8.770686000000001e-2
 -279.0 8.742940000000003e-2
 -280.0 8.715468000000003e-2
 -281.0 8.690788000000003e-2
 -282.0 8.63362e-2
 -283.0 8.603366000000001e-2
 -284.0 8.571706000000003e-2
 -285.0 8.556891999999999e-2
 -286.0 8.536244e-2
 -287.0 8.497824000000001e-2
 -288.0 8.459346000000002e-2
 -289.0 8.417398000000001e-2
 -290.0 8.371419999999999e-2
 -291.0 8.334322e-2
 -292.0 8.285422e-2
 -293.0 8.229278000000001e-2
 -294.0 8.168602e-2
 -295.0 8.119154e-2
 -296.0 8.067445999999999e-2
 -297.0 8.005538e-2
 -298.0 7.948226e-2
 -299.0 7.890497999999999e-2
 -300.0 7.828609999999998e-2
 -301.0 7.801189999999998e-2
 -302.0 7.771283999999999e-2
 -303.0 7.749089999999999e-2
 -304.0 7.738951999999999e-2
 -305.0 7.724919999999999e-2
 -306.0 7.717198e-2
 -307.0 7.715581999999997e-2
 -308.0 7.723825999999998e-2
 -309.0 7.729335999999998e-2
 -310.0 7.735797999999998e-2
 -311.0 7.749611999999999e-2
 -312.0 7.761981999999999e-2
 -313.0 7.796087999999998e-2
 -314.0 7.814315999999999e-2
 -315.0 7.822602e-2
 -316.0 7.808067999999999e-2
 -317.0 7.783297999999998e-2
 -318.0 7.769873999999997e-2
 -319.0 7.742368e-2
 -320.0 7.724066e-2
 -321.0 7.691658e-2
 -322.0 7.659792e-2
 -323.0 7.610092e-2
 -324.0 7.563378e-2
 -325.0 7.517998000000001e-2
 -326.0 7.452772e-2
 -327.0 7.373387999999999e-2
 -328.0 7.303897999999999e-2
 -329.0 7.230829999999999e-2
 -330.0 7.155046000000001e-2
 -331.0 7.065980000000001e-2
 -332.0 6.978824e-2
 -333.0 6.88112e-2
 -334.0 6.780828e-2
 -335.0 6.692156e-2
 -336.0 6.606530000000001e-2
 -337.0 6.542484e-2
 -338.0 6.478992e-2
 -339.0 6.416130000000002e-2
 -340.0 6.350886000000001e-2
 -341.0 6.276706000000001e-2
 -342.0 6.1935800000000006e-2
 -343.0 6.1003600000000005e-2
 -344.0 6.0098259999999994e-2
 -345.0 5.91951e-2
 -346.0 5.830211999999999e-2
 -347.0 5.738872e-2
 -348.0 5.646422e-2
 -349.0 5.558154000000001e-2
 -350.0 5.467892e-2
 -351.0 5.3768899999999994e-2
 -352.0 5.2860120000000003e-2
 -353.0 5.198446e-2
 -354.0 5.1177620000000014e-2
 -355.0 5.047978e-2
 -356.0 4.977774000000001e-2
 -357.0 4.9171660000000006e-2
 -358.0 4.857024000000001e-2
 -359.0 4.795874000000001e-2
 -360.0 4.7413760000000006e-2
 -361.0 4.6803500000000005e-2
 -362.0 4.611076000000001e-2
 -363.0 4.531568000000001e-2
 -364.0 4.448368000000002e-2
 -365.0 4.3791060000000014e-2
 -366.0 4.31367e-2
 -367.0 4.2497880000000016e-2
 -368.0 4.178952000000002e-2
 -369.0 4.1120440000000015e-2
 -370.0 4.055354000000001e-2
 -371.0 4.011070000000002e-2
 -372.0 3.9716080000000015e-2
 -373.0 3.938708000000001e-2
 -374.0 3.915880000000002e-2
 -375.0 3.8880400000000016e-2
 -376.0 3.879926000000001e-2
 -377.0 3.894710000000001e-2
 -378.0 3.888208000000001e-2
 -379.0 3.887992000000001e-2
 -380.0 3.888576000000001e-2
 -381.0 3.892142000000001e-2
 -382.0 3.904810000000001e-2
 -383.0 3.918818e-2
 -384.0 3.93545e-2
 -385.0 3.942044e-2
 -386.0 3.9469439999999995e-2
 -387.0 3.9606119999999995e-2
 -388.0 3.9646299999999995e-2
 -389.0 3.9671599999999994e-2
 -390.0 3.976973999999999e-2
 -391.0 3.987375999999999e-2
 -392.0 4.0049279999999986e-2
 -393.0 4.028713999999999e-2
 -394.0 4.054283999999999e-2
 -395.0 4.0752639999999986e-2
 -396.0 4.089421999999998e-2
 -397.0 4.105517999999998e-2
 -398.0 4.1257279999999986e-2
 -399.0 4.141258e-2
 -400.0 4.160233999999999e-2
 -401.0 4.1821519999999994e-2
 -402.0 4.201661999999999e-2
 -403.0 4.2191699999999985e-2
 -404.0 4.2293139999999986e-2
 -405.0 4.2331699999999986e-2
 -406.0 4.236871999999999e-2
 -407.0 4.239572e-2
 -408.0 4.240096e-2
 -409.0 4.241738e-2
 -410.0 4.236744e-2
 -411.0 4.228814e-2
 -412.0 4.228027999999999e-2
 -413.0 4.226711999999999e-2
 -414.0 4.234024000000001e-2
 -415.0 4.232351999999999e-2
 -416.0 4.23224e-2
 -417.0 4.23689e-2
 -418.0 4.2470799999999996e-2
 -419.0 4.257088e-2
 -420.0 4.25651e-2
 -421.0 4.263472e-2
 -422.0 4.273033999999999e-2
 -423.0 4.2685440000000005e-2
 -424.0 4.258108e-2
 -425.0 4.248724e-2
 -426.0 4.238214000000001e-2
 -427.0 4.220122000000001e-2
 -428.0 4.217622000000001e-2
 -429.0 4.2150040000000014e-2
 -430.0 4.212220000000001e-2
 -431.0 4.212942e-2
 -432.0 4.211248e-2
 -433.0 4.211314e-2
 -434.0 4.207648e-2
 -435.0 4.2023399999999995e-2
 -436.0 4.207163999999999e-2
 -437.0 4.207059999999999e-2
 -438.0 4.2153719999999985e-2
 -439.0 4.224292e-2
 -440.0 4.230316e-2
 -441.0 4.240626000000001e-2
 -442.0 4.254726e-2
 -443.0 4.272586e-2
 -444.0 4.2877019999999995e-2
 -445.0 4.3062699999999995e-2
 -446.0 4.333914e-2
 -447.0 4.365194e-2
 -448.0 4.391682e-2
 -449.0 4.431058e-2
 -450.0 4.481264e-2
 -451.0 4.526038000000001e-2
 -452.0 4.56803e-2
 -453.0 4.6170560000000006e-2
 -454.0 4.676453999999999e-2
 -455.0 4.7347839999999995e-2
 -456.0 4.80457e-2
 -457.0 4.8665460000000015e-2
 -458.0 4.923922e-2
 -459.0 4.9829219999999994e-2
 -460.0 5.0703899999999996e-2
 -461.0 5.168334000000001e-2
 -462.0 5.260838e-2
 -463.0 5.36221e-2
 -464.0 5.461587999999999e-2
 -465.0 5.560503999999999e-2
 -466.0 5.651617999999999e-2
 -467.0 5.727906e-2
 -468.0 5.815518e-2
 -469.0 5.8871860000000005e-2
 -470.0 5.9641740000000006e-2
 -471.0 6.0393100000000005e-2
 -472.0 6.111410000000001e-2
 -473.0 6.191112000000001e-2
 -474.0 6.270592e-2
 -475.0 6.350132e-2
 -476.0 6.427142e-2
 -477.0 6.499896000000001e-2
 -478.0 6.566350000000001e-2
 -479.0 6.628886000000002e-2
 -480.0 6.700342000000002e-2
 -481.0 6.768186e-2
 -482.0 6.827052000000002e-2
 -483.0 6.879854e-2
 -484.0 6.932404e-2
 -485.0 6.987468000000001e-2
 -486.0 7.031194000000002e-2
 -487.0 7.069059999999999e-2
 -488.0 7.114486e-2
 -489.0 7.157720000000001e-2
 -490.0 7.201698000000001e-2
 -491.0 7.245304000000001e-2
 -492.0 7.27891e-2
 -493.0 7.307959999999998e-2
 -494.0 7.341106e-2
 -495.0 7.368274000000001e-2
 -496.0 7.392298e-2
 -497.0 7.407898e-2
 -498.0 7.428954e-2
 -499.0 7.463172e-2
 -500.0 7.475782e-2
 -501.0 7.498518e-2
 -502.0 7.549478e-2
 -503.0 7.61264e-2
 -504.0 7.653771999999999e-2
 -505.0 7.688636e-2
 -506.0 7.704266e-2
 -507.0 7.73478e-2
 -508.0 7.764984000000001e-2
 -509.0 7.789558000000002e-2
 -510.0 7.774534000000001e-2
 -511.0 7.754468e-2
 -512.0 7.741466000000002e-2
 -513.0 7.720018000000001e-2
 -514.0 7.711468000000002e-2
 -515.0 7.713890000000002e-2
 -516.0 7.725502000000001e-2
 -517.0 7.739738000000002e-2
 -518.0 7.72883e-2
 -519.0 7.740942e-2
 -520.0 7.755081999999999e-2
 -521.0 7.780776e-2
 -522.0 7.788906000000001e-2
 -523.0 7.789264e-2
 -524.0 7.788574000000001e-2
 -525.0 7.789370000000001e-2
 -526.0 7.797434e-2
 -527.0 7.806860000000002e-2
 -528.0 7.812788000000002e-2
 -529.0 7.835650000000001e-2
 -530.0 7.855500000000001e-2
 -531.0 7.899502000000001e-2
 -532.0 7.933690000000002e-2
 -533.0 7.976440000000001e-2
 -534.0 8.021368000000001e-2
 -535.0 8.065618000000001e-2
 -536.0 8.11555e-2
 -537.0 8.164584000000001e-2
 -538.0 8.203849999999999e-2
 -539.0 8.240592000000001e-2
 -540.0 8.282558e-2
 -541.0 8.331576000000002e-2
 -542.0 8.391104000000002e-2
 -543.0 8.454250000000002e-2
 -544.0 8.513404000000001e-2
 -545.0 8.578972000000001e-2
 -546.0 8.622658000000001e-2
 -547.0 8.677866000000002e-2
 -548.0 8.731854000000001e-2
 -549.0 8.745708000000002e-2
 -550.0 8.77318e-2
 -551.0 8.789190000000001e-2
 -552.0 8.786176e-2
 -553.0 8.753821999999997e-2
 -554.0 8.730563999999999e-2
 -555.0 8.718714e-2
 -556.0 8.720434e-2
 -557.0 8.707394e-2
 -558.0 8.693684000000002e-2
 -559.0 8.668329999999999e-2
 -560.0 8.642818000000001e-2
 -561.0 8.620945999999999e-2
 -562.0 8.592747999999997e-2
 -563.0 8.550601999999997e-2
 -564.0 8.497647999999998e-2
 -565.0 8.418361999999996e-2
 -566.0 8.34321e-2
 -567.0 8.279020000000002e-2
 -568.0 8.229574e-2
 -569.0 8.176608000000002e-2
 -570.0 8.117948e-2
 -571.0 8.043724e-2
 -572.0 7.977932000000001e-2
 -573.0 7.931052e-2
 -574.0 7.881504e-2
 -575.0 7.840328e-2
 -576.0 7.788455999999999e-2
 -577.0 7.738977999999999e-2
 -578.0 7.700823999999998e-2
 -579.0 7.649637999999997e-2
 -580.0 7.594011999999999e-2
 -581.0 7.518705999999999e-2
 -582.0 7.454051999999999e-2
 -583.0 7.388339999999999e-2
 -584.0 7.317515999999999e-2
 -585.0 7.246233999999997e-2
 -586.0 7.165857999999999e-2
 -587.0 7.091373999999999e-2
 -588.0 7.015355999999999e-2
 -589.0 6.935867999999998e-2
 -590.0 6.860705999999997e-2
 -591.0 6.781933999999999e-2
 -592.0 6.694521999999999e-2
 -593.0 6.604205999999999e-2
 -594.0 6.505491999999999e-2
 -595.0 6.40689e-2
 -596.0 6.327674e-2
 -597.0 6.24387e-2
 -598.0 6.164487999999999e-2
 -599.0 6.100888e-2
 -600.0 6.031634e-2
 -601.0 5.963706e-2
 -602.0 5.8965300000000005e-2
 -603.0 5.8405620000000005e-2
 -604.0 5.787852e-2
 -605.0 5.7320600000000006e-2
 -606.0 5.671526000000002e-2
 -607.0 5.610252000000002e-2
 -608.0 5.545916000000001e-2
 -609.0 5.49143e-2
 -610.0 5.4506820000000004e-2
 -611.0 5.401154000000001e-2
 -612.0 5.356700000000001e-2
 -613.0 5.328566000000001e-2
 -614.0 5.303034e-2
 -615.0 5.2899640000000005e-2
 -616.0 5.26836e-2
 -617.0 5.239646e-2
 -618.0 5.2124679999999986e-2
 -619.0 5.179989999999998e-2
 -620.0 5.1514459999999984e-2
 -621.0 5.125533999999998e-2
 -622.0 5.103889999999998e-2
 -623.0 5.076701999999998e-2
 -624.0 5.0508799999999986e-2
 -625.0 5.018159999999997e-2
 -626.0 4.992015999999998e-2
 -627.0 4.9672099999999976e-2
 -628.0 4.944439999999999e-2
 -629.0 4.9311359999999985e-2
 -630.0 4.9158399999999984e-2
 -631.0 4.902776e-2
 -632.0 4.891795999999998e-2
 -633.0 4.874491999999998e-2
 -634.0 4.854477999999998e-2
 -635.0 4.816263999999999e-2
 -636.0 4.788318e-2
 -637.0 4.760963999999999e-2
 -638.0 4.736087999999999e-2
 -639.0 4.7184599999999986e-2
 -640.0 4.689469999999999e-2
 -641.0 4.657278e-2
 -642.0 4.628416e-2
 -643.0 4.602184000000001e-2
 -644.0 4.584906000000001e-2
 -645.0 4.5692020000000014e-2
 -646.0 4.5549800000000015e-2
 -647.0 4.538842000000001e-2
 -648.0 4.520724000000001e-2
 -649.0 4.503010000000002e-2
 -650.0 4.489878e-2
 -651.0 4.4789739999999995e-2
 -652.0 4.4614e-2
 -653.0 4.4429039999999996e-2
 -654.0 4.425199999999999e-2
 -655.0 4.4099000000000006e-2
 -656.0 4.390038e-2
 -657.0 4.367842e-2
 -658.0 4.355240000000001e-2
 -659.0 4.341992e-2
 -660.0 4.330792000000001e-2
 -661.0 4.319870000000001e-2
 -662.0 4.3093440000000004e-2
 -663.0 4.296252000000001e-2
 -664.0 4.2755280000000014e-2
 -665.0 4.259864e-2
 -666.0 4.253482e-2
 -667.0 4.245746e-2
 -668.0 4.23802e-2
 -669.0 4.229308e-2
 -670.0 4.222333999999999e-2
 -671.0 4.213247999999999e-2
 -672.0 4.206539999999999e-2
 -673.0 4.2003259999999994e-2
 -674.0 4.194018e-2
 -675.0 4.18483e-2
 -676.0 4.1777039999999994e-2
 -677.0 4.172218e-2
 -678.0 4.164114000000001e-2
 -679.0 4.144804e-2
 -680.0 4.12439e-2
 -681.0 4.1045999999999985e-2
 -682.0 4.088672e-2
 -683.0 4.076837999999999e-2
 -684.0 4.0718439999999995e-2
 -685.0 4.0836819999999996e-2
 -686.0 4.0911279999999994e-2
 -687.0 4.1026179999999995e-2
 -688.0 4.111898e-2
 -689.0 4.125086000000001e-2
 -690.0 4.1377180000000006e-2
 -691.0 4.1450320000000006e-2
 -692.0 4.150373999999999e-2
 -693.0 4.148296000000001e-2
 -694.0 4.14587e-2
 -695.0 4.143222e-2
 -696.0 4.134938e-2
 -697.0 4.128386e-2
 -698.0 4.1190279999999996e-2
 -699.0 4.1142439999999995e-2
 -700.0 4.107366e-2
 -701.0 4.10689e-2
 -702.0 4.1064939999999994e-2
 -703.0 4.104584e-2
 -704.0 4.098046e-2
 -705.0 4.0903020000000005e-2
 -706.0 4.085580000000001e-2
 -707.0 4.08384e-2
 -708.0 4.0814260000000005e-2
 -709.0 4.082794e-2
 -710.0 4.0822399999999995e-2
 -711.0 4.0781479999999995e-2
 -712.0 4.072799999999999e-2
 -713.0 4.068477999999999e-2
 -714.0 4.0691059999999994e-2
 -715.0 4.067951999999999e-2
 -716.0 4.0583140000000004e-2
 -717.0 4.0505259999999994e-2
 -718.0 4.0343939999999995e-2
 -719.0 4.0132680000000004e-2
 -720.0 3.995304e-2
 -721.0 3.977872e-2
 -722.0 3.9626079999999994e-2
 -723.0 3.944442e-2
 -724.0 3.9281759999999985e-2
 -725.0 3.910715999999999e-2
 -726.0 3.892567999999999e-2
 -727.0 3.871367999999999e-2
 -728.0 3.850017999999999e-2
 -729.0 3.828943999999999e-2
 -730.0 3.811613999999999e-2
 -731.0 3.795291999999999e-2
 -732.0 3.774564e-2
 -733.0 3.753865999999999e-2
 -734.0 3.733248e-2
 -735.0 3.711766e-2
 -736.0 3.693888e-2
 -737.0 3.67513e-2
 -738.0 3.656228e-2
 -739.0 3.6399299999999996e-2
 -740.0 3.6264199999999996e-2
 -741.0 3.614206e-2
 -742.0 3.604567999999999e-2
 -743.0 3.601504e-2
 -744.0 3.600858e-2
 -745.0 3.599552e-2
 -746.0 3.6023080000000006e-2
 -747.0 3.6135320000000005e-2
 -748.0 3.6246520000000004e-2
 -749.0 3.6293360000000004e-2
 -750.0 3.640912e-2
 -751.0 3.647768e-2
 -752.0 3.650876e-2
 -753.0 3.6594480000000006e-2
 -754.0 3.675314000000001e-2
 -755.0 3.690788000000001e-2
 -756.0 3.7026460000000004e-2
 -757.0 3.716912000000001e-2
 -758.0 3.726774e-2
 -759.0 3.738422e-2
 -760.0 3.75635e-2
 -761.0 3.7870980000000005e-2
 -762.0 3.820914e-2
 -763.0 3.8597440000000004e-2
 -764.0 3.893884000000001e-2
 -765.0 3.931852e-2
 -766.0 3.9705340000000006e-2
 -767.0 4.0111860000000006e-2
 -768.0 4.05464e-2
 -769.0 4.109502000000001e-2
 -770.0 4.1600920000000007e-2
 -771.0 4.21317e-2
 -772.0 4.265050000000001e-2
 -773.0 4.322144e-2
 -774.0 4.3740000000000015e-2
 -775.0 4.434056e-2
 -776.0 4.502477999999999e-2
 -777.0 4.572183999999999e-2
 -778.0 4.6447819999999994e-2
 -779.0 4.706308e-2
 -780.0 4.7643519999999995e-2
 -781.0 4.815868e-2
 -782.0 4.873874000000001e-2
 -783.0 4.9234740000000006e-2
 -784.0 4.973078000000001e-2
 -785.0 5.024856000000002e-2
 -786.0 5.0731680000000015e-2
 -787.0 5.126998000000002e-2
 -788.0 5.1754760000000025e-2
 -789.0 5.213660000000002e-2
 -790.0 5.238472000000002e-2
 -791.0 5.264972000000002e-2
 -792.0 5.289486000000001e-2
 -793.0 5.310820000000001e-2
 -794.0 5.329034000000001e-2
 -795.0 5.351560000000002e-2
 -796.0 5.375150000000001e-2
 -797.0 5.389838000000001e-2
 -798.0 5.4068460000000006e-2
 -799.0 5.426960000000001e-2
 -800.0 5.4348940000000005e-2
 -801.0 5.4317739999999996e-2
 -802.0 5.4307799999999996e-2
 -803.0 5.426024e-2
 -804.0 5.413344e-2
 -805.0 5.369957999999999e-2
 -806.0 5.340163999999998e-2
 -807.0 5.3021739999999984e-2
 -808.0 5.2699179999999984e-2
 -809.0 5.2289979999999986e-2
 -810.0 5.183659999999999e-2
 -811.0 5.128617999999999e-2
 -812.0 5.0824919999999975e-2
 -813.0 5.029087999999998e-2
 -814.0 4.9803299999999974e-2
 -815.0 4.922323999999999e-2
 -816.0 4.8689519999999986e-2
 -817.0 4.8153199999999986e-2
 -818.0 4.762203999999999e-2
 -819.0 4.705195999999999e-2
 -820.0 4.644283999999999e-2
 -821.0 4.5842459999999995e-2
 -822.0 4.520856e-2
 -823.0 4.456984e-2
 -824.0 4.397302e-2
 -825.0 4.332555999999999e-2
 -826.0 4.259778e-2
 -827.0 4.1872059999999996e-2
 -828.0 4.1110560000000004e-2
 -829.0 4.047335999999999e-2
 -830.0 3.9932600000000006e-2
 -831.0 3.943450000000001e-2
 -832.0 3.890884000000001e-2
 -833.0 3.8479900000000004e-2
 -834.0 3.7979000000000006e-2
 -835.0 3.747328000000001e-2
 -836.0 3.698268000000001e-2
 -837.0 3.641462000000001e-2
 -838.0 3.589490000000001e-2
 -839.0 3.540488e-2
 -840.0 3.510398000000001e-2
 -841.0 3.4801740000000005e-2
 -842.0 3.456048000000001e-2
 -843.0 3.4325980000000006e-2
 -844.0 3.4090880000000004e-2
 -845.0 3.380582000000001e-2
 -846.0 3.3561780000000006e-2
 -847.0 3.33938e-2
 -848.0 3.321002000000001e-2
 -849.0 3.302922e-2
 -850.0 3.29679e-2
 -851.0 3.30341e-2
 -852.0 3.3148359999999995e-2
 -853.0 3.335236e-2
 -854.0 3.35163e-2
 -855.0 3.406228e-2
 -856.0 3.451382e-2
 -857.0 3.497222e-2
 -858.0 3.54231e-2
 -859.0 3.5927839999999996e-2
 -860.0 3.641832e-2
 -861.0 3.6933719999999996e-2
 -862.0 3.7370759999999996e-2
 -863.0 3.781812e-2
 -864.0 3.8183379999999996e-2
 -865.0 3.860376e-2
 -866.0 3.903054e-2
 -867.0 3.945672e-2
 -868.0 3.988576e-2
 -869.0 4.028048e-2
 -870.0 4.07131e-2
 -871.0 4.114454e-2
 -872.0 4.1664599999999996e-2
 -873.0 4.2196120000000004e-2
 -874.0 4.272255999999999e-2
 -875.0 4.315037999999999e-2
 -876.0 4.362735999999998e-2
 -877.0 4.408789999999998e-2
 -878.0 4.449061999999998e-2
 -879.0 4.493077999999999e-2
 -880.0 4.528706e-2
 -881.0 4.568797999999999e-2
 -882.0 4.625288e-2
 -883.0 4.6822119999999995e-2
 -884.0 4.769698e-2
 -885.0 4.851694e-2
 -886.0 4.946418e-2
 -887.0 5.037116e-2
 -888.0 5.142046000000001e-2
 -889.0 5.2563200000000004e-2
 -890.0 5.358388e-2
 -891.0 5.461294e-2
 -892.0 5.561496e-2
 -893.0 5.6627239999999995e-2
 -894.0 5.761183999999999e-2
 -895.0 5.858845999999999e-2
 -896.0 5.936447999999998e-2
 -897.0 6.014345999999999e-2
 -898.0 6.088665999999998e-2
 -899.0 6.157345999999999e-2
 -900.0 6.2223619999999986e-2
 -901.0 6.287306e-2
 -902.0 6.359806e-2
 -903.0 6.420764e-2
 -904.0 6.484278e-2
 -905.0 6.540436e-2
 -906.0 6.595358e-2
 -907.0 6.66472e-2
 -908.0 6.731292000000001e-2
 -909.0 6.797742000000001e-2
 -910.0 6.861590000000001e-2
 -911.0 6.9205e-2
 -912.0 6.971252e-2
 -913.0 7.028564000000001e-2
 -914.0 7.10095e-2
 -915.0 7.170966000000002e-2
 -916.0 7.262032000000002e-2
 -917.0 7.347740000000001e-2
 -918.0 7.439036000000002e-2
 -919.0 7.538014000000001e-2
 -920.0 7.632572000000001e-2
 -921.0 7.740328e-2
 -922.0 7.866932000000001e-2
 -923.0 8.013850000000002e-2
 -924.0 8.148686e-2
 -925.0 8.280826000000001e-2
 -926.0 8.419587999999999e-2
 -927.0 8.562509999999998e-2
 -928.0 8.705539999999999e-2
 -929.0 8.861443999999999e-2
 -930.0 9.015322e-2
 -931.0 9.156800000000001e-2
 -932.0 9.272654000000001e-2
 -933.0 9.388288000000002e-2
 -934.0 9.481796000000003e-2
 -935.0 9.568940000000004e-2
 -936.0 9.652534000000003e-2
 -937.0 9.743466000000003e-2
 -938.0 9.820134000000003e-2
 -939.0 9.885910000000003e-2
 -940.0 0.10002182000000003
 -941.0 0.10126346000000001
 -942.0 0.10230580000000002
 -943.0 0.10354915999999999
 -944.0 0.1046786
 -945.0 0.10581974
 -946.0 0.1070885
 -947.0 0.10836888
 -948.0 0.10945842
 -949.0 0.11067016
 -950.0 0.11196278
 -951.0 0.11323521999999998
 -952.0 0.11444728
 -953.0 0.11558689999999999
 -954.0 0.11691046
 -955.0 0.11822856
 -956.0 0.11953616
 -957.0 0.12061268
 -958.0 0.12170164
 -959.0 0.12287487999999999
 -960.0 0.12400782000000002
 -961.0 0.12516266
 -962.0 0.1263785
 -963.0 0.12758906
 -964.0 0.1286602
 -965.0 0.12958338
 -966.0 0.13033714
 -967.0 0.13092581999999997
 -968.0 0.13150058
 -969.0 0.13193344
 -970.0 0.13245898000000003
 -971.0 0.13262040000000003
 -972.0 0.13257502000000004
 -973.0 0.13211334000000005
 -974.0 0.13181654000000004
 -975.0 0.13178446000000002
 -976.0 0.13162892
 -977.0 0.13154702000000001
 -978.0 0.13157212
 -979.0 0.13124512
 -980.0 0.13056082
 -981.0 0.13009128000000003
 -982.0 0.12944002000000002
 -983.0 0.12885168000000002
 -984.0 0.12824410000000003
 -985.0 0.12770584000000004
 -986.0 0.12711352000000004
 -987.0 0.12657820000000003
 -988.0 0.12604252000000002
 -989.0 0.12555672
 -990.0 0.12458228
 -991.0 0.12355549999999998
 -992.0 0.12264999999999998
 -993.0 0.12151103999999999
 -994.0 0.12059779999999996
 -995.0 0.11960765999999998
 -996.0 0.11866483999999998
 -997.0 0.11758203999999997
 -998.0 0.11652049999999999
 -999.0 0.11540887999999999
 -1000.0 0.11408378
 -1001.0 0.11288622
 -1002.0 0.11194215999999997
 -1003.0 0.11107034
 -1004.0 0.11018045999999998
 -1005.0 0.10928891999999997
 -1006.0 0.10843544000000001
 -1007.0 0.10770795999999999
 -1008.0 0.10691729999999999
 -1009.0 0.10595082
 -1010.0 0.10505232000000002
 -1011.0 0.10421322
 -1012.0 0.10339468
 -1013.0 0.10243243999999999
 -1014.0 0.1015599
 -1015.0 0.10089743999999998
 -1016.0 0.1002631
 -1017.0 9.988839999999997e-2
 -1018.0 9.951364e-2
 -1019.0 9.928242000000001e-2
 -1020.0 9.89697e-2
 -1021.0 9.884979999999997e-2
 -1022.0 9.867679999999998e-2
 -1023.0 9.862159999999999e-2
 -1024.0 9.855462e-2
 -1025.0 9.836814e-2
 -1026.0 9.819294e-2
 -1027.0 9.778906000000002e-2
 -1028.0 9.740458000000003e-2
 -1029.0 9.730376000000004e-2
 -1030.0 9.754234000000003e-2
 -1031.0 9.765494000000004e-2
 -1032.0 9.798350000000003e-2
 -1033.0 9.818424000000003e-2
 -1034.0 9.837412000000004e-2
 -1035.0 9.853344000000003e-2
 -1036.0 9.857398e-2
 -1037.0 9.849824e-2
 -1038.0 9.841957999999998e-2
 -1039.0 9.843155999999999e-2
 -1040.0 9.837729999999999e-2
 -1041.0 9.831059999999998e-2
 -1042.0 9.834805999999999e-2
 -1043.0 9.845493999999999e-2
 -1044.0 9.875269999999998e-2
 -1045.0 9.895866e-2
 -1046.0 9.925793999999998e-2
 -1047.0 9.957577999999997e-2
 -1048.0 0.10008331999999998
 -1049.0 0.10056753999999998
 -1050.0 0.10112277999999997
 -1051.0 0.10159425999999996
 -1052.0 0.10174139999999995
 -1053.0 0.10184073999999997
 -1054.0 0.10189515999999997
 -1055.0 0.10207382
 -1056.0 0.10217826
 -1057.0 0.10227434
 -1058.0 0.10268156
 -1059.0 0.10348204000000003
 -1060.0 0.10450898000000003
 -1061.0 0.10565222000000002
 -1062.0 0.1070278
 -1063.0 0.10827488
 -1064.0 0.10916450000000001
 -1065.0 0.11006202000000002
 -1066.0 0.11131934000000002
 -1067.0 0.11255162
 -1068.0 0.11384702
 -1069.0 0.11476599999999999
 -1070.0 0.1157601
 -1071.0 0.1168984
 -1072.0 0.11773052
 -1073.0 0.11884259999999999
 -1074.0 0.11989785999999998
 -1075.0 0.1208327
 -1076.0 0.12147772
 -1077.0 0.12239114
 -1078.0 0.12310727999999999
 -1079.0 0.12368481999999999
 -1080.0 0.12441235999999996
 -1081.0 0.12533013999999998
 -1082.0 0.12636295999999997
 -1083.0 0.12738711999999996
 -1084.0 0.12868235999999997
 -1085.0 0.12997247999999997
 -1086.0 0.13136472
 -1087.0 0.13279161999999997
 -1088.0 0.13417025999999999
 -1089.0 0.13525944
 -1090.0 0.13654016
 -1091.0 0.13739936
 -1092.0 0.13854964
 -1093.0 0.13976104
 -1094.0 0.14073542
 -1095.0 0.14179628
 -1096.0 0.14319856
 -1097.0 0.14493534000000002
 -1098.0 0.14650004000000003
 -1099.0 0.14800868000000003
 -1100.0 0.14942518000000002
 -1101.0 0.15084582000000002
 -1102.0 0.15286168
 -1103.0 0.1553463
 -1104.0 0.15843242000000005
 -1105.0 0.16287838000000004
 -1106.0 0.16674992000000002
 -1107.0 0.17074454000000003
 -1108.0 0.17503948000000005
 -1109.0 0.17847848000000002
 -1110.0 0.18109260000000002
 -1111.0 0.18376246000000002
 -1112.0 0.18670818
 -1113.0 0.18981286
 -1114.0 0.19309784
 -1115.0 0.19732616
 -1116.0 0.20162738000000002
 -1117.0 0.20572316000000002
 -1118.0 0.20967974
 -1119.0 0.21406796000000003
 -1120.0 0.21710100000000004
 -1121.0 0.2208083
 -1122.0 0.22475634000000005
 -1123.0 0.22864059999999997
 -1124.0 0.23234098
 -1125.0 0.23614306
 -1126.0 0.2395861
 -1127.0 0.24354537999999998
 -1128.0 0.24766812
 -1129.0 0.25213152
 -1130.0 0.25614028
 -1131.0 0.26110166
 -1132.0 0.26646675999999997
 -1133.0 0.27220866
 -1134.0 0.2776779
 -1135.0 0.28516572
 -1136.0 0.29442368
 -1137.0 0.30439416
 -1138.0 0.31480462
 -1139.0 0.32582182000000004
 -1140.0 0.3413046
 -1141.0 0.35713154
 -1142.0 0.37258562000000006
 -1143.0 0.38754872000000007
 -1144.0 0.4013606200000001
 -1145.0 0.41549242
 -1146.0 0.4293767400000001
 -1147.0 0.4433518600000001
 -1148.0 0.45795344000000004
 -1149.0 0.47287848000000005
 -1150.0 0.4918306400000001
 -1151.0 0.5102925800000001
 -1152.0 0.5281757
 -1153.0 0.54277464
 -1154.0 0.5586415
 -1155.0 0.57358586
 -1156.0 0.59240836
 -1157.0 0.61279362
 -1158.0 0.63229534
 -1159.0 0.6520452
 -1160.0 0.67104752
 -1161.0 0.6896393200000002
 -1162.0 0.7056645000000001
 -1163.0 0.7228270400000001
 -1164.0 0.7393966800000001
 -1165.0 0.75501514
 -1166.0 0.7697791600000001
 -1167.0 0.78625382
 -1168.0 0.80157114
 -1169.0 0.8165590599999999
 -1170.0 0.8311377599999998
 -1171.0 0.8462124999999997
 -1172.0 0.8604827199999998
 -1173.0 0.8740758799999998
 -1174.0 0.8920572199999997
 -1175.0 0.9127459999999998
 -1176.0 0.9312645199999998
 -1177.0 0.9503853399999997
 -1178.0 0.9675535399999998
 -1179.0 0.9840839599999999
 -1180.0 0.9993834799999999
 -1181.0 1.01377386
 -1182.0 1.0267489599999997
 -1183.0 1.0399524399999998
 -1184.0 1.0554107999999998
 -1185.0 1.0681848599999997
 -1186.0 1.0794496199999997
 -1187.0 1.09023568
 -1188.0 1.1008518
 -1189.0 1.1106467599999998
 -1190.0 1.11582528
 -1191.0 1.12120064
 -1192.0 1.12615444
 -1193.0 1.13186846
 -1194.0 1.1391860800000002
 -1195.0 1.14707292
 -1196.0 1.1531568800000003
 -1197.0 1.1597272
 -1198.0 1.16551562
 -1199.0 1.1713378
 -1200.0 1.17421334
 -1201.0 1.17852548
 -1202.0 1.18477818
 -1203.0 1.1947923999999999
 -1204.0 1.2033910200000002
 -1205.0 1.2101476800000002
 -1206.0 1.2130229600000002
 -1207.0 1.2120357800000001
 -1208.0 1.20983378
 -1209.0 1.2093047
 -1210.0 1.20892776
 -1211.0 1.20753624
 -1212.0 1.2083529199999998
 -1213.0 1.2070095599999997
 -1214.0 1.2061543199999998
 -1215.0 1.2081673599999996
 -1216.0 1.21194484
 -1217.0 1.21475494
 -1218.0 1.21821516
 -1219.0 1.22276834
 -1220.0 1.2290468799999998
 -1221.0 1.2335168399999998
 -1222.0 1.2395743599999998
 -1223.0 1.2443858
 -1224.0 1.24903732
 -1225.0 1.2544663399999998
 -1226.0 1.2627552800000001
 -1227.0 1.2691029600000001
 -1228.0 1.2803833800000002
 -1229.0 1.2894944999999998
 -1230.0 1.30257856
 -1231.0 1.3112030199999998
 -1232.0 1.3283763399999997
 -1233.0 1.3464407799999998
 -1234.0 1.3656419399999995
 -1235.0 1.3882926599999996
 -1236.0 1.4051146999999995
 -1237.0 1.4211371199999996
 -1238.0 1.4265212
 -1239.0 1.4388653
 -1240.0 1.44612596
 -1241.0 1.4514682199999998
 -1242.0 1.4545114
 -1243.0 1.4616727
 -1244.0 1.46849408
 -1245.0 1.4790410400000003
 -1246.0 1.48845726
 -1247.0 1.4943082799999998
 -1248.0 1.4983621200000001
 -1249.0 1.5055325400000001
 -1250.0 1.5150534000000002
 -1251.0 1.52342592
 -1252.0 1.5302466800000003
 -1253.0 1.5379477
 -1254.0 1.5425341000000004
 -1255.0 1.5473753
 -1256.0 1.5532428799999998
 -1257.0 1.5590149799999997
 -1258.0 1.5668163999999996
 -1259.0 1.5739942399999998
 -1260.0 1.58049668
 -1261.0 1.5862839
 -1262.0 1.5927742599999999
 -1263.0 1.6019143399999998
 -1264.0 1.6116515399999998
 -1265.0 1.6189262799999997
 -1266.0 1.6224391999999996
 -1267.0 1.62536976
 -1268.0 1.6275174000000001
 -1269.0 1.62827982
 -1270.0 1.62980216
 -1271.0 1.62681552
 -1272.0 1.62264
 -1273.0 1.6222157000000001
 -1274.0 1.6198268600000003
 -1275.0 1.6119539400000005
 -1276.0 1.6038936800000008
 -1277.0 1.5982066400000001
 -1278.0 1.5892904400000003
 -1279.0 1.5837652600000005
 -1280.0 1.5761531600000003
 -1281.0 1.5718098800000002
 -1282.0 1.56102446
 -1283.0 1.54906526
 -1284.0 1.5347484
 -1285.0 1.5166641
 -1286.0 1.5043806400000002
 -1287.0 1.4923697600000003
 -1288.0 1.4893222600000002
 -1289.0 1.4801023600000003
 -1290.0 1.47577852
 -1291.0 1.47346898
 -1292.0 1.4732622400000002
 -1293.0 1.4675742000000003
 -1294.0 1.4617119800000002
 -1295.0 1.4505217799999999
 -1296.0 1.4410768800000002
 -1297.0 1.43428318
 -1298.0 1.4298325
 -1299.0 1.4207092399999999
 -1300.0 1.4069795000000003
 -1301.0 1.3956464
 -1302.0 1.38431314
 -1303.0 1.3716298599999999
 -1304.0 1.3620816399999998
 -1305.0 1.3534714799999998
 -1306.0 1.34507638
 -1307.0 1.3393631800000003
 -1308.0 1.33327266
 -1309.0 1.32645782
 -1310.0 1.3219997200000002
 -1311.0 1.3197190600000002
 -1312.0 1.31646926
 -1313.0 1.31150344
 -1314.0 1.30730176
 -1315.0 1.30287792
 -1316.0 1.3009493600000002
 -1317.0 1.2993412
 -1318.0 1.30044682
 -1319.0 1.30119202
 -1320.0 1.30216106
 -1321.0 1.3120627800000002
 -1322.0 1.3249584600000004
 -1323.0 1.3363781000000003
 -1324.0 1.3519779399999998
 -1325.0 1.3706821200000001
 -1326.0 1.3890563800000002
 -1327.0 1.4039406800000003
 -1328.0 1.4159776600000002
 -1329.0 1.4307801200000005
 -1330.0 1.4516734800000004
 -1331.0 1.4741153000000002
 -1332.0 1.49493606
 -1333.0 1.52107384
 -1334.0 1.55025788
 -1335.0 1.57658174
 -1336.0 1.6029833199999999
 -1337.0 1.6256315199999998
 -1338.0 1.6579125399999999
 -1339.0 1.6878728599999997
 -1340.0 1.7182708799999997
 -1341.0 1.7459711799999997
 -1342.0 1.7751186999999995
 -1343.0 1.8072323799999994
 -1344.0 1.8412559799999995
 -1345.0 1.8761569199999995
 -1346.0 1.9093387599999994
 -1347.0 1.9441092
 -1348.0 1.9770731799999999
 -1349.0 2.00470068
 -1350.0 2.0330746399999997
 -1351.0 2.060066
 -1352.0 2.0840609999999997
 -1353.0 2.1126138599999997
 -1354.0 2.1395784599999996
 -1355.0 2.1630217
 -1356.0 2.1857646
 -1357.0 2.2102283799999998
 -1358.0 2.23297768
 -1359.0 2.25422438
 -1360.0 2.2754449
 -1361.0 2.29464398
 -1362.0 2.3095691599999997
 -1363.0 2.3231083599999995
 -1364.0 2.34113148
 -1365.0 2.36021902
 -1366.0 2.3781215
 -1367.0 2.3961165999999996
 -1368.0 2.41087296
 -1369.0 2.4250344599999996
 -1370.0 2.4362644399999995
 -1371.0 2.44412688
 -1372.0 2.4504551599999997
 -1373.0 2.4591401399999997
 -1374.0 2.461447739999999
 -1375.0 2.4626714599999993
 -1376.0 2.463073099999999
 -1377.0 2.4661472399999993
 -1378.0 2.471858319999999
 -1379.0 2.4752270199999993
 -1380.0 2.471407739999999
 -1381.0 2.4675859999999994
 -1382.0 2.4628215799999995
 -1383.0 2.45201486
 -1384.0 2.43605094
 -1385.0 2.4254101799999996
 -1386.0 2.4140547999999997
 -1387.0 2.4076372599999996
 -1388.0 2.3923075799999993
 -1389.0 2.37849704
 -1390.0 2.3639425800000002
 -1391.0 2.35153862
 -1392.0 2.3398081200000003
 -1393.0 2.3251246
 -1394.0 2.3089398200000004
 -1395.0 2.2929113400000003
 -1396.0 2.2787239000000006
 -1397.0 2.2633887400000003
 -1398.0 2.249526340000001
 -1399.0 2.2377412600000004
 -1400.0 2.2280058600000006
 -1401.0 2.21789628
 -1402.0 2.2093265000000004
 -1403.0 2.1959480200000003
 -1404.0 2.18331352
 -1405.0 2.1747278
 -1406.0 2.1680890600000002
 -1407.0 2.1577539999999997
 -1408.0 2.1490587399999996
 -1409.0 2.14226254
 -1410.0 2.1353004199999996
 -1411.0 2.13214282
 -1412.0 2.1363326999999996
 -1413.0 2.1386281799999995
 -1414.0 2.13501502
 -1415.0 2.12931152
 -1416.0 2.12474822
 -1417.0 2.1195344599999997
 -1418.0 2.1156762999999996
 -1419.0 2.1105028999999997
 -1420.0 2.1072309199999997
 -1421.0 2.10168378
 -1422.0 2.0966906
 -1423.0 2.08996278
 -1424.0 2.08172886
 -1425.0 2.0722025000000004
 -1426.0 2.0634278600000004
 -1427.0 2.0524938400000003
 -1428.0 2.0412776400000006
 -1429.0 2.0263061400000004
 -1430.0 2.012484980000001
 -1431.0 1.9990097800000006
 -1432.0 1.9871156600000006
 -1433.0 1.9747459400000005
 -1434.0 1.9633164000000003
 -1435.0 1.9538426600000003
 -1436.0 1.9415665000000004
 -1437.0 1.9256876000000003
 -1438.0 1.9096954400000004
 -1439.0 1.8950640400000005
 -1440.0 1.8801376000000005
 -1441.0 1.8658198400000006
 -1442.0 1.8479096400000006
 -1443.0 1.8294116000000005
 